1,5016
1,5130
1,5239
1,5247
1,5262
1,5263
1,5297
1,5396
1,5445
1,5448
1,5452
1,5460
1,5467
1,5470
1,5477
1,5547
1,5590
1,5716
1,5727
1,5833
1,5943
1,6359
1,6404
1,6438
1,6445
1,6448
1,6451
1,6468
1,6473
1,6475
1,6560
1,6638
1,6640
1,6660
1,6770
1,6796
1,6836
1,6914
1,6975
1,6987
1,7181
1,7292
1,7343
1,7365
1,7460
1,7472
1,7529
1,7560
1,7569
1,7620
1,7662
1,7664
1,7679
1,7683
1,7687
1,7688
1,7691
1,7720
1,7846
1,7875
1,8019
1,8049
1,8080
1,8184
1,8185
1,8234
1,8321
1,8332
1,8679
1,8732
1,8792
1,8914
1,8955
1,9025
1,9029
1,9036
1,9038
1,9048
1,9060
1,9062
1,9063
1,9082
1,9091
1,9186
1,9275
1,9278
1,9390
1,9441
1,9589
1,9612
1,9636
1,9739
1,9745
1,9819
1,9822
1,9827
1,9969
1,10035
2,5121
2,5342
2,5350
2,5418
2,5590
2,5824
2,6052
2,6062
2,6605
2,7503
2,7597
2,7759
2,8038
2,8241
2,8266
2,8753
2,8907
2,8922
2,8963
2,8993
2,9138
2,9190
2,9253
2,9456
2,9470
2,9625
2,9704
2,9832
2,9891
2,9945
3,5019
3,5023
3,5115
3,5145
3,5158
3,5169
3,5174
3,5323
3,5350
3,5387
3,5390
3,5400
3,5483
3,5493
3,5506
3,5585
3,5660
3,5663
3,5664
3,5672
3,5686
3,5687
3,5690
3,5697
3,5698
3,5730
3,5825
3,5829
3,5901
3,5906
3,5907
3,5937
3,5954
3,5957
3,6006
3,6108
3,6133
3,6171
3,6182
3,6183
3,6299
3,6300
3,6308
3,6310
3,6342
3,6381
3,6460
3,6470
3,6471
3,6473
3,6484
3,6511
3,6512
3,6567
3,6601
3,6796
3,6848
3,6849
3,6850
3,6870
3,6871
3,6907
3,6915
3,6916
3,6927
3,6937
3,6964
3,6965
3,6971
3,7027
3,7151
3,7163
3,7175
3,7183
3,7230
3,7335
3,7353
3,7386
3,7387
3,7407
3,7460
3,7533
3,7553
3,7598
3,7730
3,7732
3,7735
3,7745
3,7771
3,7789
3,7810
3,7842
3,7844
3,7853
3,7876
3,7884
3,7907
3,7909
3,7925
3,7953
3,7964
3,7987
3,7991
3,8002
3,8019
3,8058
3,8124
3,8162
3,8193
3,8270
3,8320
3,8370
3,8374
3,8375
3,8416
3,8419
3,8446
3,8485
3,8504
3,8564
3,8605
3,8606
3,8678
3,8710
3,8716
3,8741
3,8856
3,8922
3,8925
3,8980
3,8988
3,9050
3,9069
3,9075
3,9076
3,9078
3,9079
3,9090
3,9156
3,9161
3,9180
3,9198
3,9209
3,9247
3,9281
3,9315
3,9322
3,9323
3,9371
3,9394
3,9415
3,9487
3,9545
3,9574
3,9579
3,9582
3,9584
3,9591
3,9593
3,9595
3,9616
3,9625
3,9648
3,9652
3,9665
3,9684
3,9698
3,9779
3,9821
3,9860
3,9869
3,9891
3,9968
3,10025
3,10034
4,5506
4,6182
4,6342
4,6470
4,6473
4,6484
4,6567
4,6796
4,6848
4,6849
4,6850
4,7335
4,7533
4,7730
4,7732
4,7735
4,7876
4,7907
4,7925
4,7964
4,8270
4,8370
4,8419
4,8564
4,8856
4,8925
4,9079
4,9247
4,9371
4,9487
4,9616
4,9684
4,9891
4,10034
5,5019
5,5145
5,5169
5,5174
5,5483
5,5493
5,5506
5,5585
5,5660
5,5672
5,5687
5,5697
5,5730
5,5825
5,5906
5,5907
5,5957
5,6182
5,6183
5,6300
5,6342
5,6381
5,6470
5,6471
5,6473
5,6484
5,6567
5,6601
5,6796
5,6848
5,6849
5,6850
5,6870
5,6871
5,6927
5,6965
5,7151
5,7183
5,7230
5,7335
5,7353
5,7387
5,7460
5,7533
5,7553
5,7598
5,7730
5,7732
5,7735
5,7745
5,7771
5,7810
5,7876
5,7884
5,7907
5,7909
5,7925
5,7964
5,8162
5,8270
5,8370
5,8375
5,8419
5,8564
5,8716
5,8741
5,8856
5,8922
5,8925
5,9069
5,9075
5,9076
5,9079
5,9090
5,9161
5,9198
5,9209
5,9247
5,9315
5,9371
5,9487
5,9574
5,9584
5,9591
5,9595
5,9616
5,9625
5,9652
5,9665
5,9684
5,9779
5,9821
5,9891
5,10034
6,6078
6,6096
6,6422
6,6879
6,7207
6,8282
6,8646
6,8778
6,8855
6,8939
6,9229
6,9625
7,6901
8,5076
8,5125
8,5303
8,5324
8,5369
8,5381
8,5413
8,5486
8,5487
8,5488
8,5646
8,5649
8,5729
8,5755
8,5837
8,5855
8,5878
8,5950
8,5976
8,5988
8,6106
8,6193
8,6328
8,6386
8,6411
8,6462
8,6463
8,6464
8,6465
8,6472
8,6860
8,6865
8,6909
8,6959
8,6991
8,6998
8,7002
8,7006
8,7307
8,7350
8,7435
8,7461
8,7472
8,7596
8,7644
8,7721
8,7722
8,7723
8,7724
8,7753
8,7774
8,7808
8,7882
8,8057
8,8068
8,8137
8,8328
8,8470
8,8595
8,8611
8,8664
8,8766
8,8965
8,8976
8,8977
8,9068
8,9069
8,9070
8,9116
8,9120
8,9260
8,9405
8,9548
8,9681
8,9767
8,9790
8,9863
9,5000
9,5378
9,5505
9,5562
9,5793
9,5995
9,6378
9,6557
9,6780
9,7011
9,7033
9,7603
9,7610
9,7746
9,7748
9,7825
9,8082
9,8091
9,8340
9,8573
9,8971
9,9082
9,9150
9,9391
9,9662
9,9871
10,5000
10,5378
10,5505
10,5515
10,5562
10,5793
10,5995
10,6106
10,6378
10,6474
10,6557
10,6778
10,6780
10,7011
10,7603
10,7746
10,7825
10,8082
10,8340
10,8573
10,8971
10,9082
10,9099
10,9150
10,9391
10,9662
10,9937
11,5000
11,5001
11,5002
11,5003
11,5004
11,5005
11,5006
11,5007
11,5008
11,5009
11,5010
11,5011
11,5012
11,5013
11,5014
11,5015
11,5017
11,5018
11,5019
11,5020
11,5021
11,5022
11,5023
11,5024
11,5025
11,5026
11,5027
11,5028
11,5029
11,5030
11,5031
11,5032
11,5033
11,5034
11,5035
11,5036
11,5037
11,5038
11,5039
11,5040
11,5041
11,5042
11,5043
11,5044
11,5045
11,5046
11,5047
11,5048
11,5049
11,5050
11,5051
11,5052
11,5053
11,5054
11,5055
11,5056
11,5057
11,5058
11,5059
11,5060
11,5061
11,5062
11,5063
11,5064
11,5065
11,5066
11,5067
11,5068
11,5069
11,5070
11,5071
11,5072
11,5073
11,5074
11,5075
11,5076
11,5077
11,5078
11,5079
11,5080
11,5081
11,5082
11,5083
11,5084
11,5085
11,5086
11,5087
11,5088
11,5089
11,5090
11,5091
11,5092
11,5093
11,5094
11,5095
11,5096
11,5097
11,5098
11,5099
11,5100
11,5101
11,5102
11,5103
11,5104
11,5105
11,5106
11,5107
11,5108
11,5109
11,5110
11,5111
11,5112
11,5113
11,5114
11,5115
11,5116
11,5117
11,5118
11,5119
11,5120
11,5121
11,5122
11,5123
11,5124
11,5125
11,5126
11,5127
11,5128
11,5129
11,5131
11,5132
11,5133
11,5134
11,5135
11,5136
11,5137
11,5138
11,5139
11,5140
11,5141
11,5142
11,5143
11,5144
11,5145
11,5146
11,5147
11,5148
11,5149
11,5150
11,5151
11,5152
11,5153
11,5154
11,5155
11,5156
11,5157
11,5158
11,5159
11,5160
11,5161
11,5162
11,5163
11,5164
11,5165
11,5166
11,5167
11,5168
11,5169
11,5170
11,5171
11,5172
11,5173
11,5174
11,5175
11,5176
11,5177
11,5178
11,5179
11,5180
11,5181
11,5182
11,5183
11,5184
11,5185
11,5186
11,5187
11,5188
11,5189
11,5190
11,5191
11,5192
11,5193
11,5194
11,5195
11,5196
11,5197
11,5198
11,5199
11,5200
11,5201
11,5202
11,5203
11,5204
11,5205
11,5206
11,5207
11,5208
11,5209
11,5210
11,5211
11,5212
11,5213
11,5214
11,5215
11,5216
11,5217
11,5218
11,5219
11,5220
11,5221
11,5222
11,5223
11,5224
11,5225
11,5226
11,5227
11,5228
11,5229
11,5230
11,5231
11,5232
11,5233
11,5234
11,5235
11,5236
11,5237
11,5238
11,5240
11,5241
11,5242
11,5243
11,5244
11,5245
11,5246
11,5248
11,5249
11,5250
11,5251
11,5252
11,5253
11,5254
11,5255
11,5256
11,5257
11,5258
11,5259
11,5260
11,5261
11,5264
11,5265
11,5266
11,5267
11,5268
11,5269
11,5270
11,5271
11,5272
11,5273
11,5274
11,5275
11,5276
11,5277
11,5278
11,5279
11,5280
11,5281
11,5282
11,5283
11,5284
11,5285
11,5286
11,5287
11,5288
11,5289
11,5290
11,5291
11,5292
11,5293
11,5294
11,5295
11,5296
11,5298
11,5299
11,5300
11,5301
11,5302
11,5303
11,5304
11,5305
11,5306
11,5307
11,5308
11,5309
11,5310
11,5311
11,5312
11,5313
11,5314
11,5315
11,5316
11,5317
11,5318
11,5319
11,5320
11,5321
11,5322
11,5323
11,5324
11,5325
11,5326
11,5327
11,5328
11,5329
11,5330
11,5331
11,5332
11,5333
11,5334
11,5335
11,5336
11,5337
11,5338
11,5339
11,5340
11,5341
11,5342
11,5343
11,5344
11,5345
11,5346
11,5347
11,5348
11,5349
11,5350
11,5351
11,5352
11,5353
11,5354
11,5355
11,5356
11,5357
11,5358
11,5359
11,5360
11,5361
11,5362
11,5363
11,5364
11,5365
11,5366
11,5367
11,5368
11,5369
11,5370
11,5371
11,5372
11,5373
11,5374
11,5375
11,5376
11,5377
11,5378
11,5379
11,5380
11,5381
11,5382
11,5383
11,5384
11,5385
11,5386
11,5387
11,5388
11,5389
11,5390
11,5391
11,5392
11,5393
11,5394
11,5395
11,5397
11,5398
11,5399
11,5400
11,5401
11,5402
11,5403
11,5404
11,5405
11,5406
11,5407
11,5408
11,5409
11,5410
11,5411
11,5412
11,5413
11,5414
11,5415
11,5416
11,5417
11,5418
11,5419
11,5420
11,5421
11,5422
11,5423
11,5424
11,5425
11,5426
11,5427
11,5428
11,5429
11,5430
11,5431
11,5432
11,5433
11,5434
11,5435
11,5436
11,5437
11,5438
11,5439
11,5440
11,5441
11,5442
11,5443
11,5444
11,5446
11,5447
11,5449
11,5450
11,5451
11,5453
11,5454
11,5455
11,5456
11,5457
11,5458
11,5459
11,5461
11,5462
11,5463
11,5464
11,5465
11,5466
11,5468
11,5469
11,5471
11,5472
11,5473
11,5474
11,5475
11,5476
11,5478
11,5479
11,5480
11,5481
11,5482
11,5483
11,5484
11,5485
11,5486
11,5487
11,5488
11,5489
11,5490
11,5491
11,5492
11,5493
11,5494
11,5495
11,5496
11,5497
11,5498
11,5499
11,5500
11,5501
11,5502
11,5503
11,5504
11,5505
11,5506
11,5507
11,5508
11,5509
11,5510
11,5511
11,5512
11,5513
11,5514
11,5515
11,5516
11,5517
11,5518
11,5519
11,5520
11,5521
11,5522
11,5523
11,5524
11,5525
11,5526
11,5527
11,5528
11,5529
11,5530
11,5531
11,5532
11,5533
11,5534
11,5535
11,5536
11,5537
11,5538
11,5539
11,5540
11,5541
11,5542
11,5543
11,5544
11,5545
11,5546
11,5548
11,5549
11,5550
11,5551
11,5552
11,5553
11,5554
11,5555
11,5556
11,5557
11,5558
11,5559
11,5560
11,5561
11,5562
11,5563
11,5564
11,5565
11,5566
11,5567
11,5568
11,5569
11,5570
11,5571
11,5572
11,5573
11,5574
11,5575
11,5576
11,5577
11,5578
11,5579
11,5580
11,5581
11,5582
11,5583
11,5584
11,5585
11,5586
11,5587
11,5588
11,5589
11,5591
11,5592
11,5593
11,5594
11,5595
11,5596
11,5597
11,5598
11,5599
11,5600
11,5601
11,5602
11,5603
11,5604
11,5605
11,5606
11,5607
11,5608
11,5609
11,5610
11,5611
11,5612
11,5613
11,5614
11,5615
11,5616
11,5617
11,5618
11,5619
11,5620
11,5621
11,5622
11,5623
11,5624
11,5625
11,5626
11,5627
11,5628
11,5629
11,5630
11,5631
11,5632
11,5633
11,5634
11,5635
11,5636
11,5637
11,5638
11,5639
11,5640
11,5641
11,5642
11,5643
11,5644
11,5645
11,5646
11,5647
11,5648
11,5649
11,5650
11,5651
11,5652
11,5653
11,5654
11,5655
11,5656
11,5657
11,5658
11,5659
11,5660
11,5661
11,5662
11,5663
11,5664
11,5665
11,5666
11,5667
11,5668
11,5669
11,5670
11,5671
11,5672
11,5673
11,5674
11,5675
11,5676
11,5677
11,5678
11,5679
11,5680
11,5681
11,5682
11,5683
11,5684
11,5685
11,5686
11,5687
11,5688
11,5689
11,5690
11,5691
11,5692
11,5693
11,5694
11,5695
11,5696
11,5697
11,5698
11,5699
11,5700
11,5701
11,5702
11,5703
11,5704
11,5705
11,5706
11,5707
11,5708
11,5709
11,5710
11,5711
11,5712
11,5713
11,5714
11,5715
11,5717
11,5718
11,5719
11,5720
11,5721
11,5722
11,5723
11,5724
11,5725
11,5726
11,5728
11,5729
11,5730
11,5731
11,5732
11,5733
11,5734
11,5735
11,5736
11,5737
11,5738
11,5739
11,5740
11,5741
11,5742
11,5743
11,5744
11,5745
11,5746
11,5747
11,5748
11,5749
11,5750
11,5751
11,5752
11,5753
11,5754
11,5755
11,5756
11,5757
11,5758
11,5759
11,5760
11,5761
11,5762
11,5763
11,5764
11,5765
11,5766
11,5767
11,5768
11,5769
11,5770
11,5771
11,5772
11,5773
11,5774
11,5775
11,5776
11,5777
11,5778
11,5779
11,5780
11,5781
11,5782
11,5783
11,5784
11,5785
11,5786
11,5787
11,5788
11,5789
11,5790
11,5791
11,5792
11,5793
11,5794
11,5795
11,5796
11,5797
11,5798
11,5799
11,5800
11,5801
11,5802
11,5803
11,5804
11,5805
11,5806
11,5807
11,5808
11,5809
11,5810
11,5811
11,5812
11,5813
11,5814
11,5815
11,5816
11,5817
11,5818
11,5819
11,5820
11,5821
11,5822
11,5823
11,5824
11,5825
11,5826
11,5827
11,5828
11,5829
11,5830
11,5831
11,5832
11,5834
11,5835
11,5836
11,5837
11,5838
11,5839
11,5840
11,5841
11,5842
11,5843
11,5844
11,5845
11,5846
11,5847
11,5848
11,5849
11,5850
11,5851
11,5852
11,5853
11,5854
11,5855
11,5856
11,5857
11,5858
11,5859
11,5860
11,5861
11,5862
11,5863
11,5864
11,5865
11,5866
11,5867
11,5868
11,5869
11,5870
11,5871
11,5872
11,5873
11,5874
11,5875
11,5876
11,5877
11,5878
11,5879
11,5880
11,5881
11,5882
11,5883
11,5884
11,5885
11,5886
11,5887
11,5888
11,5889
11,5890
11,5891
11,5892
11,5893
11,5894
11,5895
11,5896
11,5897
11,5898
11,5899
11,5900
11,5901
11,5902
11,5903
11,5904
11,5905
11,5906
11,5907
11,5908
11,5909
11,5910
11,5911
11,5912
11,5913
11,5914
11,5915
11,5916
11,5917
11,5918
11,5919
11,5920
11,5921
11,5922
11,5923
11,5924
11,5925
11,5926
11,5927
11,5928
11,5929
11,5930
11,5931
11,5932
11,5933
11,5934
11,5935
11,5936
11,5937
11,5938
11,5939
11,5940
11,5941
11,5942
11,5944
11,5945
11,5946
11,5947
11,5948
11,5949
11,5950
11,5951
11,5952
11,5953
11,5954
11,5955
11,5956
11,5957
11,5958
11,5959
11,5960
11,5961
11,5962
11,5963
11,5964
11,5965
11,5966
11,5967
11,5968
11,5969
11,5970
11,5971
11,5972
11,5973
11,5974
11,5975
11,5976
11,5977
11,5978
11,5979
11,5980
11,5981
11,5982
11,5983
11,5984
11,5985
11,5986
11,5987
11,5988
11,5989
11,5990
11,5991
11,5992
11,5993
11,5994
11,5995
11,5996
11,5997
11,5998
11,5999
11,6000
11,6001
11,6002
11,6003
11,6004
11,6005
11,6006
11,6007
11,6008
11,6009
11,6010
11,6011
11,6012
11,6013
11,6014
11,6015
11,6016
11,6017
11,6018
11,6019
11,6020
11,6021
11,6022
11,6023
11,6024
11,6025
11,6026
11,6027
11,6028
11,6029
11,6030
11,6031
11,6032
11,6033
11,6034
11,6035
11,6036
11,6037
11,6038
11,6039
11,6040
11,6041
11,6042
11,6043
11,6044
11,6045
11,6046
11,6047
11,6048
11,6049
11,6050
11,6051
11,6052
11,6053
11,6054
11,6055
11,6056
11,6057
11,6058
11,6059
11,6060
11,6061
11,6062
11,6063
11,6064
11,6065
11,6066
11,6067
11,6068
11,6069
11,6070
11,6071
11,6072
11,6073
11,6074
11,6075
11,6076
11,6077
11,6078
11,6079
11,6080
11,6081
11,6082
11,6083
11,6084
11,6085
11,6086
11,6087
11,6088
11,6089
11,6090
11,6091
11,6092
11,6093
11,6094
11,6095
11,6096
11,6097
11,6098
11,6099
11,6100
11,6101
11,6102
11,6103
11,6104
11,6105
11,6106
11,6107
11,6108
11,6109
11,6110
11,6111
11,6112
11,6113
11,6114
11,6115
11,6116
11,6117
11,6118
11,6119
11,6120
11,6121
11,6122
11,6123
11,6124
11,6125
11,6126
11,6127
11,6128
11,6129
11,6130
11,6131
11,6132
11,6133
11,6134
11,6135
11,6136
11,6137
11,6138
11,6139
11,6140
11,6141
11,6142
11,6143
11,6144
11,6145
11,6146
11,6147
11,6148
11,6149
11,6150
11,6151
11,6152
11,6153
11,6154
11,6155
11,6156
11,6157
11,6158
11,6159
11,6160
11,6161
11,6162
11,6163
11,6164
11,6165
11,6166
11,6167
11,6168
11,6169
11,6170
11,6171
11,6172
11,6173
11,6174
11,6175
11,6176
11,6177
11,6178
11,6179
11,6180
11,6181
11,6182
11,6183
11,6184
11,6185
11,6186
11,6187
11,6188
11,6189
11,6190
11,6191
11,6192
11,6193
11,6194
11,6195
11,6196
11,6197
11,6198
11,6199
11,6200
11,6201
11,6202
11,6203
11,6204
11,6205
11,6206
11,6207
11,6208
11,6209
11,6210
11,6211
11,6212
11,6213
11,6214
11,6215
11,6216
11,6217
11,6218
11,6219
11,6220
11,6221
11,6222
11,6223
11,6224
11,6225
11,6226
11,6227
11,6228
11,6229
11,6230
11,6231
11,6232
11,6233
11,6234
11,6235
11,6236
11,6237
11,6238
11,6239
11,6240
11,6241
11,6242
11,6243
11,6244
11,6245
11,6246
11,6247
11,6248
11,6249
11,6250
11,6251
11,6252
11,6253
11,6254
11,6255
11,6256
11,6257
11,6258
11,6259
11,6260
11,6261
11,6262
11,6263
11,6264
11,6265
11,6266
11,6267
11,6268
11,6269
11,6270
11,6271
11,6272
11,6273
11,6274
11,6275
11,6276
11,6277
11,6278
11,6279
11,6280
11,6281
11,6282
11,6283
11,6284
11,6285
11,6286
11,6287
11,6288
11,6289
11,6290
11,6291
11,6292
11,6293
11,6294
11,6295
11,6296
11,6297
11,6298
11,6299
11,6300
11,6301
11,6302
11,6303
11,6304
11,6305
11,6306
11,6307
11,6308
11,6309
11,6310
11,6311
11,6312
11,6313
11,6314
11,6315
11,6316
11,6317
11,6318
11,6319
11,6320
11,6321
11,6322
11,6323
11,6324
11,6325
11,6326
11,6327
11,6328
11,6329
11,6330
11,6331
11,6332
11,6333
11,6334
11,6335
11,6336
11,6337
11,6338
11,6339
11,6340
11,6341
11,6342
11,6343
11,6344
11,6345
11,6346
11,6347
11,6348
11,6349
11,6350
11,6351
11,6352
11,6353
11,6354
11,6355
11,6356
11,6357
11,6358
11,6360
11,6361
11,6362
11,6363
11,6364
11,6365
11,6366
11,6367
11,6368
11,6369
11,6370
11,6371
11,6372
11,6373
11,6374
11,6375
11,6376
11,6377
11,6378
11,6379
11,6380
11,6381
11,6382
11,6383
11,6384
11,6385
11,6386
11,6387
11,6388
11,6389
11,6390
11,6391
11,6392
11,6393
11,6394
11,6395
11,6396
11,6397
11,6398
11,6399
11,6400
11,6401
11,6402
11,6403
11,6405
11,6406
11,6407
11,6408
11,6409
11,6410
11,6411
11,6412
11,6413
11,6414
11,6415
11,6416
11,6417
11,6418
11,6419
11,6420
11,6421
11,6422
11,6423
11,6424
11,6425
11,6426
11,6427
11,6428
11,6429
11,6430
11,6431
11,6432
11,6433
11,6434
11,6435
11,6436
11,6437
11,6439
11,6440
11,6441
11,6442
11,6443
11,6444
11,6446
11,6447
11,6449
11,6450
11,6452
11,6453
11,6454
11,6455
11,6456
11,6457
11,6458
11,6459
11,6460
11,6461
11,6462
11,6463
11,6464
11,6465
11,6466
11,6467
11,6469
11,6470
11,6471
11,6472
11,6474
11,6476
11,6477
11,6478
11,6479
11,6480
11,6481
11,6482
11,6483
11,6484
11,6485
11,6486
11,6487
11,6488
11,6489
11,6490
11,6491
11,6492
11,6493
11,6494
11,6495
11,6496
11,6497
11,6498
11,6499
11,6500
11,6501
11,6502
11,6503
11,6504
11,6505
11,6506
11,6507
11,6508
11,6509
11,6510
11,6511
11,6512
11,6513
11,6514
11,6515
11,6516
11,6517
11,6518
11,6519
11,6520
11,6521
11,6522
11,6523
11,6524
11,6525
11,6526
11,6527
11,6528
11,6529
11,6530
11,6531
11,6532
11,6533
11,6534
11,6535
11,6536
11,6537
11,6538
11,6539
11,6540
11,6541
11,6542
11,6543
11,6544
11,6545
11,6546
11,6547
11,6548
11,6549
11,6550
11,6551
11,6552
11,6553
11,6554
11,6555
11,6556
11,6557
11,6558
11,6559
11,6561
11,6562
11,6563
11,6564
11,6565
11,6566
11,6567
11,6568
11,6569
11,6570
11,6571
11,6572
11,6573
11,6574
11,6575
11,6576
11,6577
11,6578
11,6579
11,6580
11,6581
11,6582
11,6583
11,6584
11,6585
11,6586
11,6587
11,6588
11,6589
11,6590
11,6591
11,6592
11,6593
11,6594
11,6595
11,6596
11,6597
11,6598
11,6599
11,6600
11,6601
11,6602
11,6603
11,6604
11,6605
11,6606
11,6607
11,6608
11,6609
11,6610
11,6611
11,6612
11,6613
11,6614
11,6615
11,6616
11,6617
11,6618
11,6619
11,6620
11,6621
11,6622
11,6623
11,6624
11,6625
11,6626
11,6627
11,6628
11,6629
11,6630
11,6631
11,6632
11,6633
11,6634
11,6635
11,6636
11,6637
11,6639
11,6641
11,6642
11,6643
11,6644
11,6645
11,6646
11,6647
11,6648
11,6649
11,6650
11,6651
11,6652
11,6653
11,6654
11,6655
11,6656
11,6657
11,6658
11,6659
11,6661
11,6662
11,6663
11,6664
11,6665
11,6666
11,6667
11,6668
11,6669
11,6670
11,6671
11,6672
11,6673
11,6674
11,6675
11,6676
11,6677
11,6678
11,6679
11,6680
11,6681
11,6682
11,6683
11,6684
11,6685
11,6686
11,6687
11,6688
11,6689
11,6690
11,6691
11,6692
11,6693
11,6694
11,6695
11,6696
11,6697
11,6698
11,6699
11,6700
11,6701
11,6702
11,6703
11,6704
11,6705
11,6706
11,6707
11,6708
11,6709
11,6710
11,6711
11,6712
11,6713
11,6714
11,6715
11,6716
11,6717
11,6718
11,6719
11,6720
11,6721
11,6722
11,6723
11,6724
11,6725
11,6726
11,6727
11,6728
11,6729
11,6730
11,6731
11,6732
11,6733
11,6734
11,6735
11,6736
11,6737
11,6738
11,6739
11,6740
11,6741
11,6742
11,6743
11,6744
11,6745
11,6746
11,6747
11,6748
11,6749
11,6750
11,6751
11,6752
11,6753
11,6754
11,6755
11,6756
11,6757
11,6758
11,6759
11,6760
11,6761
11,6762
11,6763
11,6764
11,6765
11,6766
11,6767
11,6768
11,6769
11,6771
11,6772
11,6773
11,6774
11,6775
11,6776
11,6777
11,6778
11,6779
11,6780
11,6781
11,6782
11,6783
11,6784
11,6785
11,6786
11,6787
11,6788
11,6789
11,6790
11,6791
11,6792
11,6793
11,6794
11,6795
11,6797
11,6798
11,6799
11,6800
11,6801
11,6802
11,6803
11,6804
11,6805
11,6806
11,6807
11,6808
11,6809
11,6810
11,6811
11,6812
11,6813
11,6814
11,6815
11,6816
11,6817
11,6818
11,6819
11,6820
11,6821
11,6822
11,6823
11,6824
11,6825
11,6826
11,6827
11,6828
11,6829
11,6830
11,6831
11,6832
11,6833
11,6834
11,6835
11,6837
11,6838
11,6839
11,6840
11,6841
11,6842
11,6843
11,6844
11,6845
11,6846
11,6847
11,6848
11,6849
11,6850
11,6851
11,6852
11,6853
11,6854
11,6855
11,6856
11,6857
11,6858
11,6859
11,6860
11,6861
11,6862
11,6863
11,6864
11,6865
11,6866
11,6867
11,6868
11,6869
11,6870
11,6871
11,6872
11,6873
11,6874
11,6875
11,6876
11,6877
11,6878
11,6879
11,6880
11,6881
11,6882
11,6883
11,6884
11,6885
11,6886
11,6887
11,6888
11,6889
11,6890
11,6891
11,6892
11,6893
11,6894
11,6895
11,6896
11,6897
11,6898
11,6899
11,6900
11,6901
11,6902
11,6903
11,6904
11,6905
11,6906
11,6907
11,6908
11,6909
11,6910
11,6911
11,6912
11,6913
11,6915
11,6916
11,6917
11,6918
11,6919
11,6920
11,6921
11,6922
11,6923
11,6924
11,6925
11,6926
11,6927
11,6928
11,6929
11,6930
11,6931
11,6932
11,6933
11,6934
11,6935
11,6936
11,6937
11,6938
11,6939
11,6940
11,6941
11,6942
11,6943
11,6944
11,6945
11,6946
11,6947
11,6948
11,6949
11,6950
11,6951
11,6952
11,6953
11,6954
11,6955
11,6956
11,6957
11,6958
11,6959
11,6960
11,6961
11,6962
11,6963
11,6964
11,6965
11,6966
11,6967
11,6968
11,6969
11,6970
11,6971
11,6972
11,6973
11,6974
11,6976
11,6977
11,6978
11,6979
11,6980
11,6981
11,6982
11,6983
11,6984
11,6985
11,6986
11,6988
11,6989
11,6990
11,6991
11,6992
11,6993
11,6994
11,6995
11,6996
11,6997
11,6998
11,6999
11,7000
11,7001
11,7002
11,7003
11,7004
11,7005
11,7006
11,7007
11,7008
11,7009
11,7010
11,7011
11,7012
11,7013
11,7014
11,7015
11,7016
11,7017
11,7018
11,7019
11,7020
11,7021
11,7022
11,7023
11,7024
11,7025
11,7026
11,7027
11,7028
11,7029
11,7030
11,7031
11,7032
11,7033
11,7034
11,7035
11,7036
11,7037
11,7038
11,7039
11,7040
11,7041
11,7042
11,7043
11,7044
11,7045
11,7046
11,7047
11,7048
11,7049
11,7050
11,7051
11,7052
11,7053
11,7054
11,7055
11,7056
11,7057
11,7058
11,7059
11,7060
11,7061
11,7062
11,7063
11,7064
11,7065
11,7066
11,7067
11,7068
11,7069
11,7070
11,7071
11,7072
11,7073
11,7074
11,7075
11,7076
11,7077
11,7078
11,7079
11,7080
11,7081
11,7082
11,7083
11,7084
11,7085
11,7086
11,7087
11,7088
11,7089
11,7090
11,7091
11,7092
11,7093
11,7094
11,7095
11,7096
11,7097
11,7098
11,7099
11,7100
11,7101
11,7102
11,7103
11,7104
11,7105
11,7106
11,7107
11,7108
11,7109
11,7110
11,7111
11,7112
11,7113
11,7114
11,7115
11,7116
11,7117
11,7118
11,7119
11,7120
11,7121
11,7122
11,7123
11,7124
11,7125
11,7126
11,7127
11,7128
11,7129
11,7130
11,7131
11,7132
11,7133
11,7134
11,7135
11,7136
11,7137
11,7138
11,7139
11,7140
11,7141
11,7142
11,7143
11,7144
11,7145
11,7146
11,7147
11,7148
11,7149
11,7150
11,7151
11,7152
11,7153
11,7154
11,7155
11,7156
11,7157
11,7158
11,7159
11,7160
11,7161
11,7162
11,7163
11,7164
11,7165
11,7166
11,7167
11,7168
11,7169
11,7170
11,7171
11,7172
11,7173
11,7174
11,7175
11,7176
11,7177
11,7178
11,7179
11,7180
11,7182
11,7183
11,7184
11,7185
11,7186
11,7187
11,7188
11,7189
11,7190
11,7191
11,7192
11,7193
11,7194
11,7195
11,7196
11,7197
11,7198
11,7199
11,7200
11,7201
11,7202
11,7203
11,7204
11,7205
11,7206
11,7207
11,7208
11,7209
11,7210
11,7211
11,7212
11,7213
11,7214
11,7215
11,7216
11,7217
11,7218
11,7219
11,7220
11,7221
11,7222
11,7223
11,7224
11,7225
11,7226
11,7227
11,7228
11,7229
11,7230
11,7231
11,7232
11,7273
11,7274
11,7275
11,7276
11,7277
11,7278
11,7279
11,7280
11,7281
11,7282
11,7283
11,7284
11,7285
11,7286
11,7287
11,7288
11,7289
11,7290
11,7291
11,7293
11,7294
11,7295
11,7296
11,7297
11,7298
11,7299
11,7300
11,7301
11,7302
11,7303
11,7304
11,7305
11,7306
11,7307
11,7308
11,7309
11,7310
11,7311
11,7312
11,7313
11,7314
11,7315
11,7316
11,7317
11,7318
11,7319
11,7320
11,7321
11,7322
11,7323
11,7324
11,7325
11,7326
11,7327
11,7328
11,7329
11,7330
11,7331
11,7332
11,7333
11,7334
11,7335
11,7336
11,7337
11,7338
11,7339
11,7340
11,7341
11,7342
11,7344
11,7345
11,7346
11,7347
11,7348
11,7349
11,7350
11,7351
11,7352
11,7353
11,7354
11,7355
11,7356
11,7357
11,7358
11,7359
11,7360
11,7361
11,7362
11,7363
11,7364
11,7366
11,7367
11,7368
11,7369
11,7370
11,7371
11,7372
11,7373
11,7374
11,7375
11,7376
11,7377
11,7378
11,7379
11,7380
11,7381
11,7382
11,7383
11,7384
11,7385
11,7386
11,7387
11,7388
11,7389
11,7390
11,7391
11,7392
11,7393
11,7394
11,7395
11,7396
11,7397
11,7398
11,7399
11,7400
11,7401
11,7402
11,7403
11,7404
11,7405
11,7406
11,7407
11,7408
11,7409
11,7410
11,7411
11,7412
11,7413
11,7414
11,7415
11,7416
11,7417
11,7418
11,7419
11,7420
11,7421
11,7422
11,7423
11,7424
11,7425
11,7426
11,7427
11,7428
11,7429
11,7430
11,7431
11,7432
11,7433
11,7434
11,7435
11,7436
11,7437
11,7438
11,7439
11,7440
11,7441
11,7442
11,7443
11,7444
11,7445
11,7446
11,7447
11,7448
11,7449
11,7450
11,7451
11,7452
11,7453
11,7454
11,7455
11,7456
11,7457
11,7458
11,7459
11,7461
11,7462
11,7463
11,7464
11,7465
11,7466
11,7467
11,7468
11,7469
11,7470
11,7471
11,7473
11,7474
11,7475
11,7476
11,7477
11,7478
11,7479
11,7480
11,7481
11,7482
11,7483
11,7484
11,7485
11,7486
11,7487
11,7488
11,7489
11,7490
11,7491
11,7492
11,7493
11,7494
11,7495
11,7496
11,7497
11,7498
11,7499
11,7500
11,7501
11,7502
11,7503
11,7504
11,7505
11,7506
11,7507
11,7508
11,7509
11,7510
11,7511
11,7512
11,7513
11,7514
11,7515
11,7516
11,7517
11,7518
11,7519
11,7520
11,7521
11,7522
11,7523
11,7524
11,7525
11,7526
11,7527
11,7528
11,7530
11,7531
11,7532
11,7533
11,7534
11,7535
11,7536
11,7537
11,7538
11,7539
11,7540
11,7541
11,7542
11,7543
11,7544
11,7545
11,7546
11,7547
11,7548
11,7549
11,7550
11,7551
11,7552
11,7553
11,7554
11,7555
11,7556
11,7557
11,7558
11,7559
11,7561
11,7562
11,7563
11,7564
11,7565
11,7566
11,7567
11,7568
11,7570
11,7571
11,7572
11,7573
11,7574
11,7575
11,7576
11,7577
11,7578
11,7579
11,7580
11,7581
11,7582
11,7583
11,7584
11,7585
11,7586
11,7587
11,7588
11,7589
11,7590
11,7591
11,7592
11,7593
11,7594
11,7595
11,7596
11,7597
11,7598
11,7599
11,7600
11,7601
11,7602
11,7603
11,7604
11,7605
11,7606
11,7607
11,7608
11,7609
11,7610
11,7611
11,7612
11,7613
11,7614
11,7615
11,7616
11,7617
11,7618
11,7619
11,7621
11,7622
11,7623
11,7624
11,7625
11,7626
11,7627
11,7628
11,7629
11,7630
11,7631
11,7632
11,7633
11,7634
11,7635
11,7636
11,7637
11,7638
11,7639
11,7640
11,7641
11,7642
11,7643
11,7644
11,7645
11,7646
11,7647
11,7648
11,7649
11,7650
11,7651
11,7652
11,7653
11,7654
11,7655
11,7656
11,7657
11,7658
11,7659
11,7660
11,7661
11,7663
11,7665
11,7666
11,7667
11,7668
11,7669
11,7670
11,7671
11,7672
11,7673
11,7674
11,7675
11,7676
11,7677
11,7678
11,7680
11,7681
11,7682
11,7684
11,7685
11,7686
11,7689
11,7690
11,7692
11,7693
11,7694
11,7695
11,7696
11,7697
11,7698
11,7699
11,7700
11,7701
11,7702
11,7703
11,7704
11,7705
11,7706
11,7707
11,7708
11,7709
11,7710
11,7711
11,7712
11,7713
11,7714
11,7715
11,7716
11,7717
11,7718
11,7719
11,7721
11,7722
11,7723
11,7724
11,7725
11,7726
11,7727
11,7728
11,7729
11,7730
11,7731
11,7732
11,7733
11,7734
11,7735
11,7736
11,7737
11,7738
11,7739
11,7740
11,7741
11,7742
11,7743
11,7744
11,7745
11,7746
11,7747
11,7748
11,7749
11,7750
11,7751
11,7752
11,7753
11,7754
11,7755
11,7756
11,7757
11,7758
11,7759
11,7760
11,7761
11,7762
11,7763
11,7764
11,7765
11,7766
11,7767
11,7768
11,7769
11,7770
11,7771
11,7772
11,7773
11,7774
11,7775
11,7776
11,7777
11,7778
11,7779
11,7780
11,7781
11,7782
11,7783
11,7784
11,7785
11,7786
11,7787
11,7788
11,7789
11,7790
11,7791
11,7792
11,7793
11,7794
11,7795
11,7796
11,7797
11,7798
11,7799
11,7800
11,7801
11,7802
11,7803
11,7804
11,7805
11,7806
11,7807
11,7808
11,7809
11,7810
11,7811
11,7812
11,7813
11,7814
11,7815
11,7816
11,7817
11,7818
11,7819
11,7820
11,7821
11,7822
11,7823
11,7824
11,7825
11,7826
11,7827
11,7828
11,7829
11,7830
11,7831
11,7832
11,7833
11,7834
11,7835
11,7836
11,7837
11,7838
11,7839
11,7840
11,7841
11,7842
11,7843
11,7844
11,7845
11,7847
11,7848
11,7849
11,7850
11,7851
11,7852
11,7853
11,7854
11,7855
11,7856
11,7857
11,7858
11,7859
11,7860
11,7861
11,7862
11,7863
11,7864
11,7865
11,7866
11,7867
11,7868
11,7869
11,7870
11,7871
11,7872
11,7873
11,7874
11,7876
11,7877
11,7878
11,7879
11,7880
11,7881
11,7882
11,7883
11,7884
11,7885
11,7886
11,7887
11,7888
11,7889
11,7890
11,7891
11,7892
11,7893
11,7894
11,7895
11,7896
11,7897
11,7898
11,7899
11,7900
11,7901
11,7902
11,7903
11,7904
11,7905
11,7906
11,7907
11,7908
11,7909
11,7910
11,7911
11,7912
11,7913
11,7914
11,7915
11,7916
11,7917
11,7918
11,7919
11,7920
11,7921
11,7922
11,7923
11,7924
11,7925
11,7926
11,7927
11,7928
11,7929
11,7930
11,7931
11,7932
11,7933
11,7934
11,7935
11,7936
11,7937
11,7938
11,7939
11,7940
11,7941
11,7942
11,7943
11,7944
11,7945
11,7946
11,7947
11,7948
11,7949
11,7950
11,7951
11,7952
11,7953
11,7954
11,7955
11,7956
11,7957
11,7958
11,7959
11,7960
11,7961
11,7962
11,7963
11,7964
11,7965
11,7966
11,7967
11,7968
11,7969
11,7970
11,7971
11,7972
11,7973
11,7974
11,7975
11,7976
11,7977
11,7978
11,7979
11,7980
11,7981
11,7982
11,7983
11,7984
11,7985
11,7986
11,7987
11,7988
11,7989
11,7990
11,7991
11,7992
11,7993
11,7994
11,7995
11,7996
11,7997
11,7998
11,7999
11,8000
11,8001
11,8002
11,8003
11,8004
11,8005
11,8006
11,8007
11,8008
11,8009
11,8010
11,8011
11,8012
11,8013
11,8014
11,8015
11,8016
11,8017
11,8018
11,8020
11,8021
11,8022
11,8023
11,8024
11,8025
11,8026
11,8027
11,8028
11,8029
11,8030
11,8031
11,8032
11,8033
11,8034
11,8035
11,8036
11,8037
11,8038
11,8039
11,8040
11,8041
11,8042
11,8043
11,8044
11,8045
11,8046
11,8047
11,8048
11,8050
11,8051
11,8052
11,8053
11,8054
11,8055
11,8056
11,8057
11,8058
11,8059
11,8060
11,8061
11,8062
11,8063
11,8064
11,8065
11,8066
11,8067
11,8068
11,8069
11,8070
11,8071
11,8072
11,8073
11,8074
11,8075
11,8076
11,8077
11,8078
11,8079
11,8081
11,8082
11,8083
11,8084
11,8085
11,8086
11,8087
11,8088
11,8089
11,8090
11,8091
11,8092
11,8093
11,8094
11,8095
11,8096
11,8097
11,8098
11,8099
11,8100
11,8101
11,8102
11,8103
11,8104
11,8105
11,8106
11,8107
11,8108
11,8109
11,8110
11,8111
11,8112
11,8113
11,8114
11,8115
11,8116
11,8117
11,8118
11,8119
11,8120
11,8121
11,8122
11,8123
11,8124
11,8125
11,8126
11,8127
11,8128
11,8129
11,8130
11,8131
11,8132
11,8133
11,8134
11,8135
11,8136
11,8137
11,8138
11,8139
11,8140
11,8141
11,8142
11,8143
11,8144
11,8145
11,8146
11,8147
11,8148
11,8149
11,8150
11,8151
11,8152
11,8153
11,8154
11,8155
11,8156
11,8157
11,8158
11,8159
11,8160
11,8161
11,8162
11,8163
11,8164
11,8165
11,8166
11,8167
11,8168
11,8169
11,8170
11,8171
11,8172
11,8173
11,8174
11,8175
11,8176
11,8177
11,8178
11,8179
11,8180
11,8181
11,8182
11,8183
11,8186
11,8187
11,8188
11,8189
11,8190
11,8191
11,8192
11,8193
11,8194
11,8195
11,8196
11,8197
11,8198
11,8199
11,8200
11,8201
11,8202
11,8203
11,8204
11,8205
11,8206
11,8207
11,8208
11,8209
11,8210
11,8211
11,8212
11,8213
11,8214
11,8215
11,8216
11,8217
11,8218
11,8219
11,8220
11,8221
11,8222
11,8223
11,8224
11,8225
11,8226
11,8227
11,8228
11,8229
11,8230
11,8231
11,8232
11,8233
11,8235
11,8236
11,8237
11,8238
11,8239
11,8240
11,8241
11,8242
11,8243
11,8244
11,8245
11,8246
11,8247
11,8248
11,8249
11,8250
11,8251
11,8252
11,8253
11,8254
11,8255
11,8256
11,8257
11,8258
11,8259
11,8260
11,8261
11,8262
11,8263
11,8264
11,8265
11,8266
11,8267
11,8268
11,8269
11,8270
11,8271
11,8272
11,8273
11,8274
11,8275
11,8276
11,8277
11,8278
11,8279
11,8280
11,8281
11,8282
11,8283
11,8284
11,8285
11,8286
11,8287
11,8288
11,8289
11,8290
11,8291
11,8292
11,8293
11,8294
11,8295
11,8296
11,8297
11,8298
11,8299
11,8300
11,8301
11,8302
11,8303
11,8304
11,8305
11,8306
11,8307
11,8308
11,8309
11,8310
11,8311
11,8312
11,8313
11,8314
11,8315
11,8316
11,8317
11,8318
11,8319
11,8320
11,8322
11,8323
11,8324
11,8325
11,8326
11,8327
11,8328
11,8329
11,8330
11,8331
11,8333
11,8334
11,8335
11,8336
11,8337
11,8338
11,8339
11,8340
11,8341
11,8342
11,8343
11,8344
11,8345
11,8346
11,8347
11,8348
11,8349
11,8350
11,8351
11,8352
11,8353
11,8354
11,8355
11,8356
11,8357
11,8358
11,8359
11,8360
11,8361
11,8362
11,8363
11,8364
11,8365
11,8366
11,8367
11,8368
11,8369
11,8370
11,8371
11,8372
11,8373
11,8374
11,8375
11,8376
11,8377
11,8378
11,8379
11,8380
11,8381
11,8382
11,8383
11,8384
11,8385
11,8386
11,8387
11,8388
11,8389
11,8390
11,8391
11,8392
11,8393
11,8394
11,8395
11,8396
11,8397
11,8398
11,8399
11,8400
11,8401
11,8402
11,8403
11,8404
11,8405
11,8406
11,8407
11,8408
11,8409
11,8410
11,8411
11,8412
11,8413
11,8414
11,8415
11,8416
11,8417
11,8418
11,8419
11,8420
11,8421
11,8422
11,8423
11,8424
11,8425
11,8426
11,8427
11,8428
11,8429
11,8430
11,8431
11,8432
11,8433
11,8434
11,8435
11,8436
11,8437
11,8438
11,8439
11,8440
11,8441
11,8442
11,8443
11,8444
11,8445
11,8446
11,8447
11,8448
11,8449
11,8450
11,8451
11,8452
11,8453
11,8454
11,8455
11,8456
11,8457
11,8458
11,8459
11,8460
11,8461
11,8462
11,8463
11,8464
11,8465
11,8466
11,8467
11,8468
11,8469
11,8470
11,8471
11,8472
11,8473
11,8474
11,8475
11,8476
11,8477
11,8478
11,8479
11,8480
11,8481
11,8482
11,8483
11,8484
11,8485
11,8486
11,8487
11,8488
11,8489
11,8490
11,8491
11,8492
11,8493
11,8494
11,8495
11,8496
11,8497
11,8498
11,8499
11,8500
11,8501
11,8502
11,8503
11,8504
11,8505
11,8506
11,8507
11,8508
11,8509
11,8510
11,8511
11,8512
11,8513
11,8514
11,8515
11,8516
11,8517
11,8518
11,8519
11,8520
11,8521
11,8522
11,8523
11,8524
11,8525
11,8526
11,8527
11,8528
11,8529
11,8530
11,8531
11,8532
11,8533
11,8534
11,8535
11,8536
11,8537
11,8538
11,8539
11,8540
11,8541
11,8542
11,8543
11,8544
11,8545
11,8546
11,8547
11,8548
11,8549
11,8550
11,8551
11,8552
11,8553
11,8554
11,8555
11,8556
11,8557
11,8558
11,8559
11,8560
11,8561
11,8562
11,8563
11,8564
11,8565
11,8566
11,8567
11,8568
11,8569
11,8570
11,8571
11,8572
11,8573
11,8574
11,8575
11,8576
11,8577
11,8578
11,8579
11,8580
11,8581
11,8582
11,8583
11,8584
11,8585
11,8586
11,8587
11,8588
11,8589
11,8590
11,8591
11,8592
11,8593
11,8594
11,8595
11,8596
11,8597
11,8598
11,8599
11,8600
11,8601
11,8602
11,8603
11,8604
11,8605
11,8606
11,8607
11,8608
11,8609
11,8610
11,8611
11,8612
11,8613
11,8614
11,8615
11,8616
11,8617
11,8618
11,8619
11,8620
11,8621
11,8622
11,8623
11,8624
11,8625
11,8626
11,8627
11,8628
11,8629
11,8630
11,8631
11,8632
11,8633
11,8634
11,8635
11,8636
11,8637
11,8638
11,8639
11,8640
11,8641
11,8642
11,8643
11,8644
11,8645
11,8646
11,8647
11,8648
11,8649
11,8650
11,8651
11,8652
11,8653
11,8654
11,8655
11,8656
11,8657
11,8658
11,8659
11,8660
11,8661
11,8662
11,8663
11,8664
11,8665
11,8666
11,8667
11,8668
11,8669
11,8670
11,8671
11,8672
11,8673
11,8674
11,8675
11,8676
11,8677
11,8678
11,8680
11,8681
11,8682
11,8683
11,8684
11,8685
11,8686
11,8687
11,8688
11,8689
11,8690
11,8691
11,8692
11,8693
11,8694
11,8695
11,8696
11,8697
11,8698
11,8699
11,8700
11,8701
11,8702
11,8703
11,8704
11,8705
11,8706
11,8707
11,8708
11,8709
11,8710
11,8711
11,8712
11,8713
11,8714
11,8715
11,8716
11,8717
11,8718
11,8719
11,8720
11,8721
11,8722
11,8723
11,8724
11,8725
11,8726
11,8727
11,8728
11,8729
11,8730
11,8731
11,8733
11,8734
11,8735
11,8736
11,8737
11,8738
11,8739
11,8740
11,8741
11,8742
11,8743
11,8744
11,8745
11,8746
11,8747
11,8748
11,8749
11,8750
11,8751
11,8752
11,8753
11,8754
11,8755
11,8756
11,8757
11,8758
11,8759
11,8760
11,8761
11,8762
11,8763
11,8764
11,8765
11,8766
11,8767
11,8768
11,8769
11,8770
11,8771
11,8772
11,8773
11,8774
11,8775
11,8776
11,8777
11,8778
11,8779
11,8780
11,8781
11,8782
11,8783
11,8784
11,8785
11,8786
11,8787
11,8788
11,8789
11,8790
11,8791
11,8793
11,8794
11,8795
11,8796
11,8797
11,8798
11,8799
11,8800
11,8801
11,8802
11,8803
11,8804
11,8805
11,8806
11,8807
11,8808
11,8809
11,8810
11,8811
11,8812
11,8813
11,8814
11,8815
11,8816
11,8817
11,8818
11,8819
11,8820
11,8821
11,8822
11,8823
11,8824
11,8825
11,8826
11,8827
11,8828
11,8829
11,8830
11,8831
11,8832
11,8833
11,8834
11,8835
11,8836
11,8837
11,8838
11,8839
11,8840
11,8841
11,8842
11,8843
11,8844
11,8845
11,8846
11,8847
11,8848
11,8849
11,8850
11,8851
11,8852
11,8853
11,8854
11,8855
11,8856
11,8857
11,8858
11,8859
11,8860
11,8861
11,8862
11,8863
11,8864
11,8865
11,8866
11,8867
11,8868
11,8869
11,8870
11,8871
11,8872
11,8873
11,8874
11,8875
11,8876
11,8877
11,8878
11,8879
11,8880
11,8881
11,8882
11,8883
11,8884
11,8885
11,8886
11,8887
11,8888
11,8889
11,8890
11,8891
11,8892
11,8893
11,8894
11,8895
11,8896
11,8897
11,8898
11,8899
11,8900
11,8901
11,8902
11,8903
11,8904
11,8905
11,8906
11,8907
11,8908
11,8909
11,8910
11,8911
11,8912
11,8913
11,8915
11,8916
11,8917
11,8918
11,8919
11,8920
11,8921
11,8922
11,8923
11,8924
11,8925
11,8926
11,8927
11,8928
11,8929
11,8930
11,8931
11,8932
11,8933
11,8934
11,8935
11,8936
11,8937
11,8938
11,8939
11,8940
11,8941
11,8942
11,8943
11,8944
11,8945
11,8946
11,8947
11,8948
11,8949
11,8950
11,8951
11,8952
11,8953
11,8954
11,8956
11,8957
11,8958
11,8959
11,8960
11,8961
11,8962
11,8963
11,8964
11,8965
11,8966
11,8967
11,8968
11,8969
11,8970
11,8971
11,8972
11,8973
11,8974
11,8975
11,8976
11,8977
11,8978
11,8979
11,8980
11,8981
11,8982
11,8983
11,8984
11,8985
11,8986
11,8987
11,8988
11,8989
11,8990
11,8991
11,8992
11,8993
11,8994
11,8995
11,8996
11,8997
11,8998
11,8999
11,9000
11,9001
11,9002
11,9003
11,9004
11,9005
11,9006
11,9007
11,9008
11,9009
11,9010
11,9011
11,9012
11,9013
11,9014
11,9015
11,9016
11,9017
11,9018
11,9019
11,9020
11,9021
11,9022
11,9023
11,9024
11,9026
11,9027
11,9028
11,9030
11,9031
11,9032
11,9033
11,9034
11,9035
11,9037
11,9039
11,9040
11,9041
11,9042
11,9043
11,9044
11,9045
11,9046
11,9047
11,9049
11,9050
11,9051
11,9052
11,9053
11,9054
11,9055
11,9056
11,9057
11,9058
11,9059
11,9061
11,9064
11,9065
11,9066
11,9067
11,9068
11,9069
11,9070
11,9071
11,9072
11,9073
11,9074
11,9075
11,9076
11,9077
11,9078
11,9079
11,9080
11,9081
11,9083
11,9084
11,9085
11,9086
11,9087
11,9088
11,9089
11,9090
11,9092
11,9093
11,9094
11,9095
11,9096
11,9097
11,9098
11,9099
11,9100
11,9101
11,9102
11,9103
11,9104
11,9105
11,9106
11,9107
11,9108
11,9109
11,9110
11,9111
11,9112
11,9113
11,9114
11,9115
11,9116
11,9117
11,9118
11,9119
11,9120
11,9121
11,9122
11,9123
11,9124
11,9125
11,9126
11,9127
11,9128
11,9129
11,9130
11,9131
11,9132
11,9133
11,9134
11,9135
11,9136
11,9137
11,9138
11,9139
11,9140
11,9141
11,9142
11,9143
11,9144
11,9145
11,9146
11,9147
11,9148
11,9149
11,9150
11,9151
11,9152
11,9153
11,9154
11,9155
11,9156
11,9157
11,9158
11,9159
11,9160
11,9161
11,9162
11,9163
11,9164
11,9165
11,9166
11,9167
11,9168
11,9169
11,9170
11,9171
11,9172
11,9173
11,9174
11,9175
11,9176
11,9177
11,9178
11,9179
11,9180
11,9181
11,9182
11,9183
11,9184
11,9185
11,9187
11,9188
11,9189
11,9190
11,9191
11,9192
11,9193
11,9194
11,9195
11,9196
11,9197
11,9198
11,9199
11,9200
11,9201
11,9202
11,9203
11,9204
11,9205
11,9206
11,9207
11,9208
11,9209
11,9210
11,9211
11,9212
11,9213
11,9214
11,9215
11,9216
11,9217
11,9218
11,9219
11,9220
11,9221
11,9222
11,9223
11,9224
11,9225
11,9226
11,9227
11,9228
11,9229
11,9230
11,9231
11,9232
11,9233
11,9234
11,9235
11,9236
11,9237
11,9238
11,9239
11,9240
11,9241
11,9242
11,9243
11,9244
11,9245
11,9246
11,9247
11,9248
11,9249
11,9250
11,9251
11,9252
11,9253
11,9254
11,9255
11,9256
11,9257
11,9258
11,9259
11,9260
11,9261
11,9262
11,9263
11,9264
11,9265
11,9266
11,9267
11,9268
11,9269
11,9270
11,9271
11,9272
11,9273
11,9274
11,9276
11,9277
11,9279
11,9280
11,9281
11,9282
11,9283
11,9284
11,9285
11,9286
11,9287
11,9288
11,9289
11,9290
11,9291
11,9292
11,9293
11,9294
11,9295
11,9296
11,9297
11,9298
11,9299
11,9300
11,9301
11,9302
11,9303
11,9304
11,9305
11,9306
11,9307
11,9308
11,9309
11,9310
11,9311
11,9312
11,9313
11,9314
11,9315
11,9316
11,9317
11,9318
11,9319
11,9320
11,9321
11,9322
11,9323
11,9324
11,9325
11,9326
11,9327
11,9328
11,9329
11,9330
11,9331
11,9332
11,9333
11,9334
11,9335
11,9336
11,9337
11,9338
11,9339
11,9340
11,9341
11,9342
11,9343
11,9344
11,9345
11,9346
11,9347
11,9348
11,9349
11,9350
11,9351
11,9352
11,9353
11,9354
11,9355
11,9356
11,9357
11,9358
11,9359
11,9360
11,9361
11,9362
11,9363
11,9364
11,9365
11,9366
11,9367
11,9368
11,9369
11,9370
11,9371
11,9372
11,9373
11,9374
11,9375
11,9376
11,9377
11,9378
11,9379
11,9380
11,9381
11,9382
11,9383
11,9384
11,9385
11,9386
11,9387
11,9388
11,9389
11,9391
11,9392
11,9393
11,9394
11,9395
11,9396
11,9397
11,9398
11,9399
11,9400
11,9401
11,9402
11,9403
11,9404
11,9405
11,9406
11,9407
11,9408
11,9409
11,9410
11,9411
11,9412
11,9413
11,9414
11,9415
11,9416
11,9417
11,9418
11,9419
11,9420
11,9421
11,9422
11,9423
11,9424
11,9425
11,9426
11,9427
11,9428
11,9429
11,9430
11,9431
11,9432
11,9433
11,9434
11,9435
11,9436
11,9437
11,9438
11,9439
11,9440
11,9442
11,9443
11,9444
11,9445
11,9446
11,9447
11,9448
11,9449
11,9450
11,9451
11,9452
11,9453
11,9454
11,9455
11,9456
11,9457
11,9458
11,9459
11,9460
11,9461
11,9462
11,9463
11,9464
11,9465
11,9466
11,9467
11,9468
11,9469
11,9470
11,9471
11,9472
11,9473
11,9474
11,9475
11,9476
11,9477
11,9478
11,9479
11,9480
11,9481
11,9482
11,9483
11,9484
11,9485
11,9486
11,9487
11,9488
11,9489
11,9490
11,9491
11,9492
11,9493
11,9494
11,9495
11,9496
11,9497
11,9498
11,9499
11,9500
11,9501
11,9502
11,9503
11,9504
11,9505
11,9506
11,9507
11,9508
11,9509
11,9510
11,9511
11,9512
11,9513
11,9514
11,9515
11,9516
11,9517
11,9518
11,9519
11,9520
11,9521
11,9522
11,9523
11,9524
11,9525
11,9526
11,9527
11,9528
11,9529
11,9530
11,9531
11,9532
11,9533
11,9534
11,9535
11,9536
11,9537
11,9538
11,9539
11,9540
11,9541
11,9542
11,9543
11,9544
11,9545
11,9546
11,9547
11,9548
11,9549
11,9550
11,9551
11,9552
11,9553
11,9554
11,9555
11,9556
11,9557
11,9558
11,9559
11,9560
11,9561
11,9562
11,9563
11,9564
11,9565
11,9566
11,9567
11,9568
11,9569
11,9570
11,9571
11,9572
11,9573
11,9574
11,9575
11,9576
11,9577
11,9578
11,9579
11,9580
11,9581
11,9582
11,9583
11,9584
11,9585
11,9586
11,9587
11,9588
11,9590
11,9591
11,9592
11,9593
11,9594
11,9595
11,9596
11,9597
11,9598
11,9599
11,9600
11,9601
11,9602
11,9603
11,9604
11,9605
11,9606
11,9607
11,9608
11,9609
11,9610
11,9611
11,9613
11,9614
11,9615
11,9616
11,9617
11,9618
11,9619
11,9620
11,9621
11,9622
11,9623
11,9624
11,9625
11,9626
11,9627
11,9628
11,9629
11,9630
11,9631
11,9632
11,9633
11,9634
11,9635
11,9637
11,9638
11,9639
11,9640
11,9641
11,9642
11,9643
11,9644
11,9645
11,9646
11,9647
11,9648
11,9649
11,9650
11,9651
11,9652
11,9653
11,9654
11,9655
11,9656
11,9657
11,9658
11,9659
11,9660
11,9661
11,9662
11,9663
11,9664
11,9665
11,9666
11,9667
11,9668
11,9669
11,9670
11,9671
11,9672
11,9673
11,9674
11,9675
11,9676
11,9677
11,9678
11,9679
11,9680
11,9681
11,9682
11,9683
11,9684
11,9685
11,9686
11,9687
11,9688
11,9689
11,9690
11,9691
11,9692
11,9693
11,9694
11,9695
11,9696
11,9697
11,9698
11,9699
11,9700
11,9701
11,9702
11,9703
11,9704
11,9705
11,9706
11,9707
11,9708
11,9709
11,9710
11,9711
11,9712
11,9713
11,9714
11,9715
11,9716
11,9717
11,9718
11,9719
11,9720
11,9721
11,9722
11,9723
11,9724
11,9725
11,9726
11,9727
11,9728
11,9729
11,9730
11,9731
11,9732
11,9733
11,9734
11,9735
11,9736
11,9737
11,9738
11,9740
11,9741
11,9742
11,9743
11,9744
11,9746
11,9747
11,9748
11,9749
11,9750
11,9751
11,9752
11,9753
11,9754
11,9755
11,9756
11,9757
11,9758
11,9759
11,9760
11,9761
11,9762
11,9763
11,9764
11,9765
11,9766
11,9767
11,9768
11,9769
11,9770
11,9771
11,9772
11,9773
11,9774
11,9775
11,9776
11,9777
11,9778
11,9779
11,9780
11,9781
11,9782
11,9783
11,9784
11,9785
11,9786
11,9787
11,9788
11,9789
11,9790
11,9791
11,9792
11,9793
11,9794
11,9795
11,9796
11,9797
11,9798
11,9799
11,9800
11,9801
11,9802
11,9803
11,9804
11,9805
11,9806
11,9807
11,9808
11,9809
11,9810
11,9811
11,9812
11,9813
11,9814
11,9815
11,9816
11,9817
11,9818
11,9820
11,9821
11,9823
11,9824
11,9825
11,9826
11,9828
11,9829
11,9830
11,9831
11,9832
11,9833
11,9834
11,9835
11,9836
11,9837
11,9838
11,9839
11,9840
11,9841
11,9842
11,9843
11,9844
11,9845
11,9846
11,9847
11,9848
11,9849
11,9850
11,9851
11,9852
11,9853
11,9854
11,9855
11,9856
11,9857
11,9858
11,9859
11,9860
11,9861
11,9862
11,9863
11,9864
11,9865
11,9866
11,9867
11,9868
11,9869
11,9870
11,9871
11,9872
11,9873
11,9874
11,9875
11,9876
11,9877
11,9878
11,9879
11,9880
11,9881
11,9882
11,9883
11,9884
11,9885
11,9886
11,9887
11,9888
11,9889
11,9890
11,9891
11,9892
11,9893
11,9894
11,9895
11,9896
11,9897
11,9898
11,9899
11,9900
11,9901
11,9902
11,9903
11,9904
11,9905
11,9906
11,9907
11,9908
11,9909
11,9910
11,9911
11,9912
11,9913
11,9914
11,9915
11,9916
11,9917
11,9918
11,9919
11,9920
11,9921
11,9922
11,9923
11,9924
11,9925
11,9926
11,9927
11,9928
11,9929
11,9930
11,9931
11,9932
11,9933
11,9934
11,9935
11,9936
11,9937
11,9938
11,9939
11,9940
11,9941
11,9942
11,9943
11,9944
11,9945
11,9946
11,9947
11,9948
11,9949
11,9950
11,9951
11,9952
11,9953
11,9954
11,9955
11,9956
11,9957
11,9958
11,9959
11,9960
11,9961
11,9962
11,9963
11,9964
11,9965
11,9966
11,9967
11,9968
11,9970
11,9971
11,9972
11,9973
11,9974
11,9975
11,9976
11,9977
11,9978
11,9979
11,9980
11,9981
11,9982
11,9983
11,9984
11,9985
11,9986
11,9987
11,9988
11,9989
11,9990
11,9991
11,9992
11,9993
11,9994
11,9995
11,9996
11,9997
11,9998
11,9999
11,10000
11,10001
11,10002
11,10003
11,10004
11,10005
11,10006
11,10007
11,10008
11,10009
11,10010
11,10011
11,10012
11,10013
11,10014
11,10015
11,10016
11,10017
11,10018
11,10019
11,10020
11,10021
11,10022
11,10023
11,10024
11,10025
11,10026
11,10027
11,10028
11,10029
11,10030
11,10031
11,10032
11,10033
11,10034
11,10036
11,10037
11,10038
11,10039
12,5000
12,5001
12,5002
12,5003
12,5004
12,5005
12,5006
12,5007
12,5008
12,5009
12,5010
12,5011
12,5012
12,5013
12,5014
12,5015
12,5017
12,5018
12,5019
12,5020
12,5021
12,5022
12,5023
12,5024
12,5025
12,5026
12,5027
12,5028
12,5029
12,5030
12,5031
12,5032
12,5033
12,5034
12,5035
12,5036
12,5037
12,5038
12,5039
12,5040
12,5041
12,5042
12,5043
12,5044
12,5045
12,5046
12,5047
12,5048
12,5049
12,5050
12,5051
12,5052
12,5053
12,5054
12,5055
12,5056
12,5057
12,5058
12,5059
12,5060
12,5061
12,5062
12,5063
12,5064
12,5065
12,5066
12,5067
12,5068
12,5069
12,5070
12,5071
12,5072
12,5073
12,5074
12,5075
12,5076
12,5077
12,5078
12,5079
12,5080
12,5081
12,5082
12,5083
12,5084
12,5085
12,5086
12,5087
12,5088
12,5089
12,5090
12,5091
12,5092
12,5093
12,5094
12,5095
12,5096
12,5097
12,5098
12,5099
12,5100
12,5101
12,5102
12,5103
12,5104
12,5105
12,5106
12,5107
12,5108
12,5109
12,5110
12,5111
12,5112
12,5113
12,5114
12,5115
12,5116
12,5117
12,5118
12,5119
12,5120
12,5121
12,5122
12,5123
12,5124
12,5125
12,5126
12,5127
12,5128
12,5129
12,5131
12,5132
12,5133
12,5134
12,5135
12,5136
12,5137
12,5138
12,5139
12,5140
12,5141
12,5142
12,5143
12,5144
12,5145
12,5146
12,5147
12,5148
12,5149
12,5150
12,5151
12,5152
12,5153
12,5154
12,5155
12,5156
12,5157
12,5158
12,5159
12,5160
12,5161
12,5162
12,5163
12,5164
12,5165
12,5166
12,5167
12,5168
12,5169
12,5170
12,5171
12,5172
12,5173
12,5174
12,5175
12,5176
12,5177
12,5178
12,5179
12,5180
12,5181
12,5182
12,5183
12,5184
12,5185
12,5186
12,5187
12,5188
12,5189
12,5190
12,5191
12,5192
12,5193
12,5194
12,5195
12,5196
12,5197
12,5198
12,5199
12,5200
12,5201
12,5202
12,5203
12,5204
12,5205
12,5206
12,5207
12,5208
12,5209
12,5210
12,5211
12,5212
12,5213
12,5214
12,5215
12,5216
12,5217
12,5218
12,5219
12,5220
12,5221
12,5222
12,5223
12,5224
12,5225
12,5226
12,5227
12,5228
12,5229
12,5230
12,5231
12,5232
12,5233
12,5234
12,5235
12,5236
12,5237
12,5238
12,5240
12,5241
12,5242
12,5243
12,5244
12,5245
12,5246
12,5248
12,5249
12,5250
12,5251
12,5252
12,5253
12,5254
12,5255
12,5256
12,5257
12,5258
12,5259
12,5260
12,5261
12,5264
12,5265
12,5266
12,5267
12,5268
12,5269
12,5270
12,5271
12,5272
12,5273
12,5274
12,5275
12,5276
12,5277
12,5278
12,5279
12,5280
12,5281
12,5282
12,5283
12,5284
12,5285
12,5286
12,5287
12,5288
12,5289
12,5290
12,5291
12,5292
12,5293
12,5294
12,5295
12,5296
12,5298
12,5299
12,5300
12,5301
12,5302
12,5303
12,5304
12,5305
12,5306
12,5307
12,5308
12,5309
12,5310
12,5311
12,5312
12,5313
12,5314
12,5315
12,5316
12,5317
12,5318
12,5319
12,5320
12,5321
12,5322
12,5323
12,5324
12,5325
12,5326
12,5327
12,5328
12,5329
12,5330
12,5331
12,5332
12,5333
12,5334
12,5335
12,5336
12,5337
12,5338
12,5339
12,5340
12,5341
12,5342
12,5343
12,5344
12,5345
12,5346
12,5347
12,5348
12,5349
12,5350
12,5351
12,5352
12,5353
12,5354
12,5355
12,5356
12,5357
12,5358
12,5359
12,5360
12,5361
12,5362
12,5363
12,5364
12,5365
12,5366
12,5367
12,5368
12,5369
12,5370
12,5371
12,5372
12,5373
12,5374
12,5375
12,5376
12,5377
12,5378
12,5379
12,5380
12,5381
12,5382
12,5383
12,5384
12,5385
12,5386
12,5387
12,5388
12,5389
12,5390
12,5391
12,5392
12,5393
12,5394
12,5395
12,5397
12,5398
12,5399
12,5400
12,5401
12,5402
12,5403
12,5404
12,5405
12,5406
12,5407
12,5408
12,5409
12,5410
12,5411
12,5412
12,5413
12,5414
12,5415
12,5416
12,5417
12,5418
12,5419
12,5420
12,5421
12,5422
12,5423
12,5424
12,5425
12,5426
12,5427
12,5428
12,5429
12,5430
12,5431
12,5432
12,5433
12,5434
12,5435
12,5436
12,5437
12,5438
12,5439
12,5440
12,5441
12,5442
12,5443
12,5444
12,5446
12,5447
12,5449
12,5450
12,5451
12,5453
12,5454
12,5455
12,5456
12,5457
12,5458
12,5459
12,5461
12,5462
12,5463
12,5464
12,5465
12,5466
12,5468
12,5469
12,5471
12,5472
12,5473
12,5474
12,5475
12,5476
12,5478
12,5479
12,5480
12,5481
12,5482
12,5483
12,5484
12,5485
12,5486
12,5487
12,5488
12,5489
12,5490
12,5491
12,5492
12,5493
12,5494
12,5495
12,5496
12,5497
12,5498
12,5499
12,5500
12,5501
12,5502
12,5503
12,5504
12,5505
12,5506
12,5507
12,5508
12,5509
12,5510
12,5511
12,5512
12,5513
12,5514
12,5515
12,5516
12,5517
12,5518
12,5519
12,5520
12,5521
12,5522
12,5523
12,5524
12,5525
12,5526
12,5527
12,5528
12,5529
12,5530
12,5531
12,5532
12,5533
12,5534
12,5535
12,5536
12,5537
12,5538
12,5539
12,5540
12,5541
12,5542
12,5543
12,5544
12,5545
12,5546
12,5548
12,5549
12,5550
12,5551
12,5552
12,5553
12,5554
12,5555
12,5556
12,5557
12,5558
12,5559
12,5560
12,5561
12,5562
12,5563
12,5564
12,5565
12,5566
12,5567
12,5568
12,5569
12,5570
12,5571
12,5572
12,5573
12,5574
12,5575
12,5576
12,5577
12,5578
12,5579
12,5580
12,5581
12,5582
12,5583
12,5584
12,5585
12,5586
12,5587
12,5588
12,5589
12,5590
12,5591
12,5592
12,5593
12,5594
12,5595
12,5596
12,5597
12,5598
12,5599
12,5600
12,5601
12,5602
12,5603
12,5604
12,5605
12,5606
12,5607
12,5608
12,5609
12,5610
12,5611
12,5612
12,5613
12,5614
12,5615
12,5616
12,5617
12,5618
12,5619
12,5620
12,5621
12,5622
12,5623
12,5624
12,5625
12,5626
12,5627
12,5628
12,5629
12,5630
12,5631
12,5632
12,5633
12,5634
12,5635
12,5636
12,5637
12,5638
12,5639
12,5640
12,5641
12,5642
12,5643
12,5644
12,5645
12,5646
12,5647
12,5648
12,5649
12,5650
12,5651
12,5652
12,5653
12,5654
12,5655
12,5656
12,5657
12,5658
12,5659
12,5660
12,5661
12,5662
12,5663
12,5664
12,5665
12,5666
12,5667
12,5668
12,5669
12,5670
12,5671
12,5672
12,5673
12,5674
12,5675
12,5676
12,5677
12,5678
12,5679
12,5680
12,5681
12,5682
12,5683
12,5684
12,5685
12,5686
12,5687
12,5688
12,5689
12,5690
12,5691
12,5692
12,5693
12,5694
12,5695
12,5696
12,5697
12,5698
12,5699
12,5700
12,5701
12,5702
12,5703
12,5704
12,5705
12,5706
12,5707
12,5708
12,5709
12,5710
12,5711
12,5712
12,5713
12,5714
12,5715
12,5717
12,5718
12,5719
12,5720
12,5721
12,5722
12,5723
12,5724
12,5725
12,5726
12,5728
12,5729
12,5730
12,5731
12,5732
12,5733
12,5734
12,5735
12,5736
12,5737
12,5738
12,5739
12,5740
12,5741
12,5742
12,5743
12,5744
12,5745
12,5746
12,5747
12,5748
12,5749
12,5750
12,5751
12,5752
12,5753
12,5754
12,5755
12,5756
12,5757
12,5758
12,5759
12,5760
12,5761
12,5762
12,5763
12,5764
12,5765
12,5766
12,5767
12,5768
12,5769
12,5770
12,5771
12,5772
12,5773
12,5774
12,5775
12,5776
12,5777
12,5778
12,5779
12,5780
12,5781
12,5782
12,5783
12,5784
12,5785
12,5786
12,5787
12,5788
12,5789
12,5790
12,5791
12,5792
12,5793
12,5794
12,5795
12,5796
12,5797
12,5798
12,5799
12,5800
12,5801
12,5802
12,5803
12,5804
12,5805
12,5806
12,5807
12,5808
12,5809
12,5810
12,5811
12,5812
12,5813
12,5814
12,5815
12,5816
12,5817
12,5818
12,5819
12,5820
12,5821
12,5822
12,5823
12,5824
12,5825
12,5826
12,5827
12,5828
12,5829
12,5830
12,5831
12,5832
12,5834
12,5835
12,5836
12,5837
12,5838
12,5839
12,5840
12,5841
12,5842
12,5843
12,5844
12,5845
12,5846
12,5847
12,5848
12,5849
12,5850
12,5851
12,5852
12,5853
12,5854
12,5855
12,5856
12,5857
12,5858
12,5859
12,5860
12,5861
12,5862
12,5863
12,5864
12,5865
12,5866
12,5867
12,5868
12,5869
12,5870
12,5871
12,5872
12,5873
12,5874
12,5875
12,5876
12,5877
12,5878
12,5879
12,5880
12,5881
12,5882
12,5883
12,5884
12,5885
12,5886
12,5887
12,5888
12,5889
12,5890
12,5891
12,5892
12,5893
12,5894
12,5895
12,5896
12,5897
12,5898
12,5899
12,5900
12,5901
12,5902
12,5903
12,5904
12,5905
12,5906
12,5907
12,5908
12,5909
12,5910
12,5911
12,5912
12,5913
12,5914
12,5915
12,5916
12,5917
12,5918
12,5919
12,5920
12,5921
12,5922
12,5923
12,5924
12,5925
12,5926
12,5927
12,5928
12,5929
12,5930
12,5931
12,5932
12,5933
12,5934
12,5935
12,5936
12,5937
12,5938
12,5939
12,5940
12,5941
12,5942
12,5944
12,5945
12,5946
12,5947
12,5948
12,5949
12,5950
12,5951
12,5952
12,5953
12,5954
12,5955
12,5956
12,5957
12,5958
12,5959
12,5960
12,5961
12,5962
12,5963
12,5964
12,5965
12,5966
12,5967
12,5968
12,5969
12,5970
12,5971
12,5972
12,5973
12,5974
12,5975
12,5976
12,5977
12,5978
12,5979
12,5980
12,5981
12,5982
12,5983
12,5984
12,5985
12,5986
12,5987
12,5988
12,5989
12,5990
12,5991
12,5992
12,5993
12,5994
12,5995
12,5996
12,5997
12,5998
12,5999
12,6000
12,6001
12,6002
12,6003
12,6004
12,6005
12,6006
12,6007
12,6008
12,6009
12,6010
12,6011
12,6012
12,6013
12,6014
12,6015
12,6016
12,6017
12,6018
12,6019
12,6020
12,6021
12,6022
12,6023
12,6024
12,6025
12,6026
12,6027
12,6028
12,6029
12,6030
12,6031
12,6032
12,6033
12,6034
12,6035
12,6036
12,6037
12,6038
12,6039
12,6040
12,6041
12,6042
12,6043
12,6044
12,6045
12,6046
12,6047
12,6048
12,6049
12,6050
12,6051
12,6052
12,6053
12,6054
12,6055
12,6056
12,6057
12,6058
12,6059
12,6060
12,6061
12,6062
12,6063
12,6064
12,6065
12,6066
12,6067
12,6068
12,6069
12,6070
12,6071
12,6072
12,6073
12,6074
12,6075
12,6076
12,6077
12,6078
12,6079
12,6080
12,6081
12,6082
12,6083
12,6084
12,6085
12,6086
12,6087
12,6088
12,6089
12,6090
12,6091
12,6092
12,6093
12,6094
12,6095
12,6096
12,6097
12,6098
12,6099
12,6100
12,6101
12,6102
12,6103
12,6104
12,6105
12,6106
12,6107
12,6108
12,6109
12,6110
12,6111
12,6112
12,6113
12,6114
12,6115
12,6116
12,6117
12,6118
12,6119
12,6120
12,6121
12,6122
12,6123
12,6124
12,6125
12,6126
12,6127
12,6128
12,6129
12,6130
12,6131
12,6132
12,6133
12,6134
12,6135
12,6136
12,6137
12,6138
12,6139
12,6140
12,6141
12,6142
12,6143
12,6144
12,6145
12,6146
12,6147
12,6148
12,6149
12,6150
12,6151
12,6152
12,6153
12,6154
12,6155
12,6156
12,6157
12,6158
12,6159
12,6160
12,6161
12,6162
12,6163
12,6164
12,6165
12,6166
12,6167
12,6168
12,6169
12,6170
12,6171
12,6172
12,6173
12,6174
12,6175
12,6176
12,6177
12,6178
12,6179
12,6180
12,6181
12,6182
12,6183
12,6184
12,6185
12,6186
12,6187
12,6188
12,6189
12,6190
12,6191
12,6192
12,6193
12,6194
12,6195
12,6196
12,6197
12,6198
12,6199
12,6200
12,6201
12,6202
12,6203
12,6204
12,6205
12,6206
12,6207
12,6208
12,6209
12,6210
12,6211
12,6212
12,6213
12,6214
12,6215
12,6216
12,6217
12,6218
12,6219
12,6220
12,6221
12,6222
12,6223
12,6224
12,6225
12,6226
12,6227
12,6228
12,6229
12,6230
12,6231
12,6232
12,6233
12,6234
12,6235
12,6236
12,6237
12,6238
12,6239
12,6240
12,6241
12,6242
12,6243
12,6244
12,6245
12,6246
12,6247
12,6248
12,6249
12,6250
12,6251
12,6252
12,6253
12,6254
12,6255
12,6256
12,6257
12,6258
12,6259
12,6260
12,6261
12,6262
12,6263
12,6264
12,6265
12,6266
12,6267
12,6268
12,6269
12,6270
12,6271
12,6272
12,6273
12,6274
12,6275
12,6276
12,6277
12,6278
12,6279
12,6280
12,6281
12,6282
12,6283
12,6284
12,6285
12,6286
12,6287
12,6288
12,6289
12,6290
12,6291
12,6292
12,6293
12,6294
12,6295
12,6296
12,6297
12,6298
12,6299
12,6300
12,6301
12,6302
12,6303
12,6304
12,6305
12,6306
12,6307
12,6308
12,6309
12,6310
12,6311
12,6312
12,6313
12,6314
12,6315
12,6316
12,6317
12,6318
12,6319
12,6320
12,6321
12,6322
12,6323
12,6324
12,6325
12,6326
12,6327
12,6328
12,6329
12,6330
12,6331
12,6332
12,6333
12,6334
12,6335
12,6336
12,6337
12,6338
12,6339
12,6340
12,6341
12,6342
12,6343
12,6344
12,6345
12,6346
12,6347
12,6348
12,6349
12,6350
12,6351
12,6352
12,6353
12,6354
12,6355
12,6356
12,6357
12,6358
12,6360
12,6361
12,6362
12,6363
12,6364
12,6365
12,6366
12,6367
12,6368
12,6369
12,6370
12,6371
12,6372
12,6373
12,6374
12,6375
12,6376
12,6377
12,6378
12,6379
12,6380
12,6381
12,6382
12,6383
12,6384
12,6385
12,6386
12,6387
12,6388
12,6389
12,6390
12,6391
12,6392
12,6393
12,6394
12,6395
12,6396
12,6397
12,6398
12,6399
12,6400
12,6401
12,6402
12,6403
12,6405
12,6406
12,6407
12,6408
12,6409
12,6410
12,6411
12,6412
12,6413
12,6414
12,6415
12,6416
12,6417
12,6418
12,6419
12,6420
12,6421
12,6422
12,6423
12,6424
12,6425
12,6426
12,6427
12,6428
12,6429
12,6430
12,6431
12,6432
12,6433
12,6434
12,6435
12,6436
12,6437
12,6439
12,6440
12,6441
12,6442
12,6443
12,6444
12,6446
12,6447
12,6449
12,6450
12,6452
12,6453
12,6454
12,6455
12,6456
12,6457
12,6458
12,6459
12,6460
12,6461
12,6462
12,6463
12,6464
12,6465
12,6466
12,6467
12,6469
12,6470
12,6471
12,6472
12,6474
12,6476
12,6477
12,6478
12,6479
12,6480
12,6481
12,6482
12,6483
12,6484
12,6485
12,6486
12,6487
12,6488
12,6489
12,6490
12,6491
12,6492
12,6493
12,6494
12,6495
12,6496
12,6497
12,6498
12,6499
12,6500
12,6501
12,6502
12,6503
12,6504
12,6505
12,6506
12,6507
12,6508
12,6509
12,6510
12,6511
12,6512
12,6513
12,6514
12,6515
12,6516
12,6517
12,6518
12,6519
12,6520
12,6521
12,6522
12,6523
12,6524
12,6525
12,6526
12,6527
12,6528
12,6529
12,6530
12,6531
12,6532
12,6533
12,6534
12,6535
12,6536
12,6537
12,6538
12,6539
12,6540
12,6541
12,6542
12,6543
12,6544
12,6545
12,6546
12,6547
12,6548
12,6549
12,6550
12,6551
12,6552
12,6553
12,6554
12,6555
12,6556
12,6557
12,6558
12,6559
12,6561
12,6562
12,6563
12,6564
12,6565
12,6566
12,6567
12,6568
12,6569
12,6570
12,6571
12,6572
12,6573
12,6574
12,6575
12,6576
12,6577
12,6578
12,6579
12,6580
12,6581
12,6582
12,6583
12,6584
12,6585
12,6586
12,6587
12,6588
12,6589
12,6590
12,6591
12,6592
12,6593
12,6594
12,6595
12,6596
12,6597
12,6598
12,6599
12,6600
12,6601
12,6602
12,6603
12,6604
12,6605
12,6606
12,6607
12,6608
12,6609
12,6610
12,6611
12,6612
12,6613
12,6614
12,6615
12,6616
12,6617
12,6618
12,6619
12,6620
12,6621
12,6622
12,6623
12,6624
12,6625
12,6626
12,6627
12,6628
12,6629
12,6630
12,6631
12,6632
12,6633
12,6634
12,6635
12,6636
12,6637
12,6639
12,6641
12,6642
12,6643
12,6644
12,6645
12,6646
12,6647
12,6648
12,6649
12,6650
12,6651
12,6652
12,6653
12,6654
12,6655
12,6656
12,6657
12,6658
12,6659
12,6661
12,6662
12,6663
12,6664
12,6665
12,6666
12,6667
12,6668
12,6669
12,6670
12,6671
12,6672
12,6673
12,6674
12,6675
12,6676
12,6677
12,6678
12,6679
12,6680
12,6681
12,6682
12,6683
12,6684
12,6685
12,6686
12,6687
12,6688
12,6689
12,6690
12,6691
12,6692
12,6693
12,6694
12,6695
12,6696
12,6697
12,6698
12,6699
12,6700
12,6701
12,6702
12,6703
12,6704
12,6705
12,6706
12,6707
12,6708
12,6709
12,6710
12,6711
12,6712
12,6713
12,6714
12,6715
12,6716
12,6717
12,6718
12,6719
12,6720
12,6721
12,6722
12,6723
12,6724
12,6725
12,6726
12,6727
12,6728
12,6729
12,6730
12,6731
12,6732
12,6733
12,6734
12,6735
12,6736
12,6737
12,6738
12,6739
12,6740
12,6741
12,6742
12,6743
12,6744
12,6745
12,6746
12,6747
12,6748
12,6749
12,6750
12,6751
12,6752
12,6753
12,6754
12,6755
12,6756
12,6757
12,6758
12,6759
12,6760
12,6761
12,6762
12,6763
12,6764
12,6765
12,6766
12,6767
12,6768
12,6769
12,6771
12,6772
12,6773
12,6774
12,6775
12,6776
12,6777
12,6778
12,6779
12,6780
12,6781
12,6782
12,6783
12,6784
12,6785
12,6786
12,6787
12,6788
12,6789
12,6790
12,6791
12,6792
12,6793
12,6794
12,6795
12,6797
12,6798
12,6799
12,6800
12,6801
12,6802
12,6803
12,6804
12,6805
12,6806
12,6807
12,6808
12,6809
12,6810
12,6811
12,6812
12,6813
12,6814
12,6815
12,6816
12,6817
12,6818
12,6819
12,6820
12,6821
12,6822
12,6823
12,6824
12,6825
12,6826
12,6827
12,6828
12,6829
12,6830
12,6831
12,6832
12,6833
12,6834
12,6835
12,6837
12,6838
12,6839
12,6840
12,6841
12,6842
12,6843
12,6844
12,6845
12,6846
12,6847
12,6848
12,6849
12,6850
12,6851
12,6852
12,6853
12,6854
12,6855
12,6856
12,6857
12,6858
12,6859
12,6860
12,6861
12,6862
12,6863
12,6864
12,6865
12,6866
12,6867
12,6868
12,6869
12,6870
12,6871
12,6872
12,6873
12,6874
12,6875
12,6876
12,6877
12,6878
12,6879
12,6880
12,6881
12,6882
12,6883
12,6884
12,6885
12,6886
12,6887
12,6888
12,6889
12,6890
12,6891
12,6892
12,6893
12,6894
12,6895
12,6896
12,6897
12,6898
12,6899
12,6900
12,6901
12,6902
12,6903
12,6904
12,6905
12,6906
12,6907
12,6908
12,6909
12,6910
12,6911
12,6912
12,6913
12,6915
12,6916
12,6917
12,6918
12,6919
12,6920
12,6921
12,6922
12,6923
12,6924
12,6925
12,6926
12,6927
12,6928
12,6929
12,6930
12,6931
12,6932
12,6933
12,6934
12,6935
12,6936
12,6937
12,6938
12,6939
12,6940
12,6941
12,6942
12,6943
12,6944
12,6945
12,6946
12,6947
12,6948
12,6949
12,6950
12,6951
12,6952
12,6953
12,6954
12,6955
12,6956
12,6957
12,6958
12,6959
12,6960
12,6961
12,6962
12,6963
12,6964
12,6965
12,6966
12,6967
12,6968
12,6969
12,6970
12,6971
12,6972
12,6973
12,6974
12,6976
12,6977
12,6978
12,6979
12,6980
12,6981
12,6982
12,6983
12,6984
12,6985
12,6986
12,6988
12,6989
12,6990
12,6991
12,6992
12,6993
12,6994
12,6995
12,6996
12,6997
12,6998
12,6999
12,7000
12,7001
12,7002
12,7003
12,7004
12,7005
12,7006
12,7007
12,7008
12,7009
12,7010
12,7011
12,7012
12,7013
12,7014
12,7015
12,7016
12,7017
12,7018
12,7019
12,7020
12,7021
12,7022
12,7023
12,7024
12,7025
12,7026
12,7027
12,7028
12,7029
12,7030
12,7031
12,7032
12,7033
12,7034
12,7035
12,7036
12,7037
12,7038
12,7039
12,7040
12,7041
12,7042
12,7043
12,7044
12,7045
12,7046
12,7047
12,7048
12,7049
12,7050
12,7051
12,7052
12,7053
12,7054
12,7055
12,7056
12,7057
12,7058
12,7059
12,7060
12,7061
12,7062
12,7063
12,7064
12,7065
12,7066
12,7067
12,7068
12,7069
12,7070
12,7071
12,7072
12,7073
12,7074
12,7075
12,7076
12,7077
12,7078
12,7079
12,7080
12,7081
12,7082
12,7083
12,7084
12,7085
12,7086
12,7087
12,7088
12,7089
12,7090
12,7091
12,7092
12,7093
12,7094
12,7095
12,7096
12,7097
12,7098
12,7099
12,7100
12,7101
12,7102
12,7103
12,7104
12,7105
12,7106
12,7107
12,7108
12,7109
12,7110
12,7111
12,7112
12,7113
12,7114
12,7115
12,7116
12,7117
12,7118
12,7119
12,7120
12,7121
12,7122
12,7123
12,7124
12,7125
12,7126
12,7127
12,7128
12,7129
12,7130
12,7131
12,7132
12,7133
12,7134
12,7135
12,7136
12,7137
12,7138
12,7139
12,7140
12,7141
12,7142
12,7143
12,7144
12,7145
12,7146
12,7147
12,7148
12,7149
12,7150
12,7151
12,7152
12,7153
12,7154
12,7155
12,7156
12,7157
12,7158
12,7159
12,7160
12,7161
12,7162
12,7163
12,7164
12,7165
12,7166
12,7167
12,7168
12,7169
12,7170
12,7171
12,7172
12,7173
12,7174
12,7175
12,7176
12,7177
12,7178
12,7179
12,7180
12,7182
12,7183
12,7184
12,7185
12,7186
12,7187
12,7188
12,7189
12,7190
12,7191
12,7192
12,7193
12,7194
12,7195
12,7196
12,7197
12,7198
12,7199
12,7200
12,7201
12,7202
12,7203
12,7204
12,7205
12,7206
12,7207
12,7208
12,7209
12,7210
12,7211
12,7212
12,7213
12,7214
12,7215
12,7216
12,7217
12,7218
12,7219
12,7220
12,7221
12,7222
12,7223
12,7224
12,7225
12,7226
12,7227
12,7228
12,7229
12,7230
12,7231
12,7232
12,7273
12,7274
12,7275
12,7276
12,7277
12,7278
12,7279
12,7280
12,7281
12,7282
12,7283
12,7284
12,7285
12,7286
12,7287
12,7288
12,7289
12,7290
12,7291
12,7293
12,7294
12,7295
12,7296
12,7297
12,7298
12,7299
12,7300
12,7301
12,7302
12,7303
12,7304
12,7305
12,7306
12,7307
12,7308
12,7309
12,7310
12,7311
12,7312
12,7313
12,7314
12,7315
12,7316
12,7317
12,7318
12,7319
12,7320
12,7321
12,7322
12,7323
12,7324
12,7325
12,7326
12,7327
12,7328
12,7329
12,7330
12,7331
12,7332
12,7333
12,7334
12,7335
12,7336
12,7337
12,7338
12,7339
12,7340
12,7341
12,7342
12,7344
12,7345
12,7346
12,7347
12,7348
12,7349
12,7350
12,7351
12,7352
12,7353
12,7354
12,7355
12,7356
12,7357
12,7358
12,7359
12,7360
12,7361
12,7362
12,7363
12,7364
12,7366
12,7367
12,7368
12,7369
12,7370
12,7371
12,7372
12,7373
12,7374
12,7375
12,7376
12,7377
12,7378
12,7379
12,7380
12,7381
12,7382
12,7383
12,7384
12,7385
12,7386
12,7387
12,7388
12,7389
12,7390
12,7391
12,7392
12,7393
12,7394
12,7395
12,7396
12,7397
12,7398
12,7399
12,7400
12,7401
12,7402
12,7403
12,7404
12,7405
12,7406
12,7407
12,7408
12,7409
12,7410
12,7411
12,7412
12,7413
12,7414
12,7415
12,7416
12,7417
12,7418
12,7419
12,7420
12,7421
12,7422
12,7423
12,7424
12,7425
12,7426
12,7427
12,7428
12,7429
12,7430
12,7431
12,7432
12,7433
12,7434
12,7435
12,7436
12,7437
12,7438
12,7439
12,7440
12,7441
12,7442
12,7443
12,7444
12,7445
12,7446
12,7447
12,7448
12,7449
12,7450
12,7451
12,7452
12,7453
12,7454
12,7455
12,7456
12,7457
12,7458
12,7459
12,7461
12,7462
12,7463
12,7464
12,7465
12,7466
12,7467
12,7468
12,7469
12,7470
12,7471
12,7473
12,7474
12,7475
12,7476
12,7477
12,7478
12,7479
12,7480
12,7481
12,7482
12,7483
12,7484
12,7485
12,7486
12,7487
12,7488
12,7489
12,7490
12,7491
12,7492
12,7493
12,7494
12,7495
12,7496
12,7497
12,7498
12,7499
12,7500
12,7501
12,7502
12,7503
12,7504
12,7505
12,7506
12,7507
12,7508
12,7509
12,7510
12,7511
12,7512
12,7513
12,7514
12,7515
12,7516
12,7517
12,7518
12,7519
12,7520
12,7521
12,7522
12,7523
12,7524
12,7525
12,7526
12,7527
12,7528
12,7530
12,7531
12,7532
12,7533
12,7534
12,7535
12,7536
12,7537
12,7538
12,7539
12,7540
12,7541
12,7542
12,7543
12,7544
12,7545
12,7546
12,7547
12,7548
12,7549
12,7550
12,7551
12,7552
12,7553
12,7554
12,7555
12,7556
12,7557
12,7558
12,7559
12,7561
12,7562
12,7563
12,7564
12,7565
12,7566
12,7567
12,7568
12,7570
12,7571
12,7572
12,7573
12,7574
12,7575
12,7576
12,7577
12,7578
12,7579
12,7580
12,7581
12,7582
12,7583
12,7584
12,7585
12,7586
12,7587
12,7588
12,7589
12,7590
12,7591
12,7592
12,7593
12,7594
12,7595
12,7596
12,7597
12,7598
12,7599
12,7600
12,7601
12,7602
12,7603
12,7604
12,7605
12,7606
12,7607
12,7608
12,7609
12,7610
12,7611
12,7612
12,7613
12,7614
12,7615
12,7616
12,7617
12,7618
12,7619
12,7621
12,7622
12,7623
12,7624
12,7625
12,7626
12,7627
12,7628
12,7629
12,7630
12,7631
12,7632
12,7633
12,7634
12,7635
12,7636
12,7637
12,7638
12,7639
12,7640
12,7641
12,7642
12,7643
12,7644
12,7645
12,7646
12,7647
12,7648
12,7649
12,7650
12,7651
12,7652
12,7653
12,7654
12,7655
12,7656
12,7657
12,7658
12,7659
12,7660
12,7661
12,7663
12,7665
12,7666
12,7667
12,7668
12,7669
12,7670
12,7671
12,7672
12,7673
12,7674
12,7675
12,7676
12,7677
12,7678
12,7680
12,7681
12,7682
12,7684
12,7685
12,7686
12,7689
12,7690
12,7692
12,7693
12,7694
12,7695
12,7696
12,7697
12,7698
12,7699
12,7700
12,7701
12,7702
12,7703
12,7704
12,7705
12,7706
12,7707
12,7708
12,7709
12,7710
12,7711
12,7712
12,7713
12,7714
12,7715
12,7716
12,7717
12,7718
12,7719
12,7721
12,7722
12,7723
12,7724
12,7725
12,7726
12,7727
12,7728
12,7729
12,7730
12,7731
12,7732
12,7733
12,7734
12,7735
12,7736
12,7737
12,7738
12,7739
12,7740
12,7741
12,7742
12,7743
12,7744
12,7745
12,7746
12,7747
12,7748
12,7749
12,7750
12,7751
12,7752
12,7753
12,7754
12,7755
12,7756
12,7757
12,7758
12,7759
12,7760
12,7761
12,7762
12,7763
12,7764
12,7765
12,7766
12,7767
12,7768
12,7769
12,7770
12,7771
12,7772
12,7773
12,7774
12,7775
12,7776
12,7777
12,7778
12,7779
12,7780
12,7781
12,7782
12,7783
12,7784
12,7785
12,7786
12,7787
12,7788
12,7789
12,7790
12,7791
12,7792
12,7793
12,7794
12,7795
12,7796
12,7797
12,7798
12,7799
12,7800
12,7801
12,7802
12,7803
12,7804
12,7805
12,7806
12,7807
12,7808
12,7809
12,7810
12,7811
12,7812
12,7813
12,7814
12,7815
12,7816
12,7817
12,7818
12,7819
12,7820
12,7821
12,7822
12,7823
12,7824
12,7825
12,7826
12,7827
12,7828
12,7829
12,7830
12,7831
12,7832
12,7833
12,7834
12,7835
12,7836
12,7837
12,7838
12,7839
12,7840
12,7841
12,7842
12,7843
12,7844
12,7845
12,7847
12,7848
12,7849
12,7850
12,7851
12,7852
12,7853
12,7854
12,7855
12,7856
12,7857
12,7858
12,7859
12,7860
12,7861
12,7862
12,7863
12,7864
12,7865
12,7866
12,7867
12,7868
12,7869
12,7870
12,7871
12,7872
12,7873
12,7874
12,7876
12,7877
12,7878
12,7879
12,7880
12,7881
12,7882
12,7883
12,7884
12,7885
12,7886
12,7887
12,7888
12,7889
12,7890
12,7891
12,7892
12,7893
12,7894
12,7895
12,7896
12,7897
12,7898
12,7899
12,7900
12,7901
12,7902
12,7903
12,7904
12,7905
12,7906
12,7907
12,7908
12,7909
12,7910
12,7911
12,7912
12,7913
12,7914
12,7915
12,7916
12,7917
12,7918
12,7919
12,7920
12,7921
12,7922
12,7923
12,7924
12,7925
12,7926
12,7927
12,7928
12,7929
12,7930
12,7931
12,7932
12,7933
12,7934
12,7935
12,7936
12,7937
12,7938
12,7939
12,7940
12,7941
12,7942
12,7943
12,7944
12,7945
12,7946
12,7947
12,7948
12,7949
12,7950
12,7951
12,7952
12,7953
12,7954
12,7955
12,7956
12,7957
12,7958
12,7959
12,7960
12,7961
12,7962
12,7963
12,7964
12,7965
12,7966
12,7967
12,7968
12,7969
12,7970
12,7971
12,7972
12,7973
12,7974
12,7975
12,7976
12,7977
12,7978
12,7979
12,7980
12,7981
12,7982
12,7983
12,7984
12,7985
12,7986
12,7987
12,7988
12,7989
12,7990
12,7991
12,7992
12,7993
12,7994
12,7995
12,7996
12,7997
12,7998
12,7999
12,8000
12,8001
12,8002
12,8003
12,8004
12,8005
12,8006
12,8007
12,8008
12,8009
12,8010
12,8011
12,8012
12,8013
12,8014
12,8015
12,8016
12,8017
12,8018
12,8020
12,8021
12,8022
12,8023
12,8024
12,8025
12,8026
12,8027
12,8028
12,8029
12,8030
12,8031
12,8032
12,8033
12,8034
12,8035
12,8036
12,8037
12,8038
12,8039
12,8040
12,8041
12,8042
12,8043
12,8044
12,8045
12,8046
12,8047
12,8048
12,8050
12,8051
12,8052
12,8053
12,8054
12,8055
12,8056
12,8057
12,8058
12,8059
12,8060
12,8061
12,8062
12,8063
12,8064
12,8065
12,8066
12,8067
12,8068
12,8069
12,8070
12,8071
12,8072
12,8073
12,8074
12,8075
12,8076
12,8077
12,8078
12,8079
12,8081
12,8082
12,8083
12,8084
12,8085
12,8086
12,8087
12,8088
12,8089
12,8090
12,8091
12,8092
12,8093
12,8094
12,8095
12,8096
12,8097
12,8098
12,8099
12,8100
12,8101
12,8102
12,8103
12,8104
12,8105
12,8106
12,8107
12,8108
12,8109
12,8110
12,8111
12,8112
12,8113
12,8114
12,8115
12,8116
12,8117
12,8118
12,8119
12,8120
12,8121
12,8122
12,8123
12,8124
12,8125
12,8126
12,8127
12,8128
12,8129
12,8130
12,8131
12,8132
12,8133
12,8134
12,8135
12,8136
12,8137
12,8138
12,8139
12,8140
12,8141
12,8142
12,8143
12,8144
12,8145
12,8146
12,8147
12,8148
12,8149
12,8150
12,8151
12,8152
12,8153
12,8154
12,8155
12,8156
12,8157
12,8158
12,8159
12,8160
12,8161
12,8162
12,8163
12,8164
12,8165
12,8166
12,8167
12,8168
12,8169
12,8170
12,8171
12,8172
12,8173
12,8174
12,8175
12,8176
12,8177
12,8178
12,8179
12,8180
12,8181
12,8182
12,8183
12,8186
12,8187
12,8188
12,8189
12,8190
12,8191
12,8192
12,8193
12,8194
12,8195
12,8196
12,8197
12,8198
12,8199
12,8200
12,8201
12,8202
12,8203
12,8204
12,8205
12,8206
12,8207
12,8208
12,8209
12,8210
12,8211
12,8212
12,8213
12,8214
12,8215
12,8216
12,8217
12,8218
12,8219
12,8220
12,8221
12,8222
12,8223
12,8224
12,8225
12,8226
12,8227
12,8228
12,8229
12,8230
12,8231
12,8232
12,8233
12,8235
12,8236
12,8237
12,8238
12,8239
12,8240
12,8241
12,8242
12,8243
12,8244
12,8245
12,8246
12,8247
12,8248
12,8249
12,8250
12,8251
12,8252
12,8253
12,8254
12,8255
12,8256
12,8257
12,8258
12,8259
12,8260
12,8261
12,8262
12,8263
12,8264
12,8265
12,8266
12,8267
12,8268
12,8269
12,8270
12,8271
12,8272
12,8273
12,8274
12,8275
12,8276
12,8277
12,8278
12,8279
12,8280
12,8281
12,8282
12,8283
12,8284
12,8285
12,8286
12,8287
12,8288
12,8289
12,8290
12,8291
12,8292
12,8293
12,8294
12,8295
12,8296
12,8297
12,8298
12,8299
12,8300
12,8301
12,8302
12,8303
12,8304
12,8305
12,8306
12,8307
12,8308
12,8309
12,8310
12,8311
12,8312
12,8313
12,8314
12,8315
12,8316
12,8317
12,8318
12,8319
12,8320
12,8322
12,8323
12,8324
12,8325
12,8326
12,8327
12,8328
12,8329
12,8330
12,8331
12,8333
12,8334
12,8335
12,8336
12,8337
12,8338
12,8339
12,8340
12,8341
12,8342
12,8343
12,8344
12,8345
12,8346
12,8347
12,8348
12,8349
12,8350
12,8351
12,8352
12,8353
12,8354
12,8355
12,8356
12,8357
12,8358
12,8359
12,8360
12,8361
12,8362
12,8363
12,8364
12,8365
12,8366
12,8367
12,8368
12,8369
12,8370
12,8371
12,8372
12,8373
12,8374
12,8375
12,8376
12,8377
12,8378
12,8379
12,8380
12,8381
12,8382
12,8383
12,8384
12,8385
12,8386
12,8387
12,8388
12,8389
12,8390
12,8391
12,8392
12,8393
12,8394
12,8395
12,8396
12,8397
12,8398
12,8399
12,8400
12,8401
12,8402
12,8403
12,8404
12,8405
12,8406
12,8407
12,8408
12,8409
12,8410
12,8411
12,8412
12,8413
12,8414
12,8415
12,8416
12,8417
12,8418
12,8419
12,8420
12,8421
12,8422
12,8423
12,8424
12,8425
12,8426
12,8427
12,8428
12,8429
12,8430
12,8431
12,8432
12,8433
12,8434
12,8435
12,8436
12,8437
12,8438
12,8439
12,8440
12,8441
12,8442
12,8443
12,8444
12,8445
12,8446
12,8447
12,8448
12,8449
12,8450
12,8451
12,8452
12,8453
12,8454
12,8455
12,8456
12,8457
12,8458
12,8459
12,8460
12,8461
12,8462
12,8463
12,8464
12,8465
12,8466
12,8467
12,8468
12,8469
12,8470
12,8471
12,8472
12,8473
12,8474
12,8475
12,8476
12,8477
12,8478
12,8479
12,8480
12,8481
12,8482
12,8483
12,8484
12,8485
12,8486
12,8487
12,8488
12,8489
12,8490
12,8491
12,8492
12,8493
12,8494
12,8495
12,8496
12,8497
12,8498
12,8499
12,8500
12,8501
12,8502
12,8503
12,8504
12,8505
12,8506
12,8507
12,8508
12,8509
12,8510
12,8511
12,8512
12,8513
12,8514
12,8515
12,8516
12,8517
12,8518
12,8519
12,8520
12,8521
12,8522
12,8523
12,8524
12,8525
12,8526
12,8527
12,8528
12,8529
12,8530
12,8531
12,8532
12,8533
12,8534
12,8535
12,8536
12,8537
12,8538
12,8539
12,8540
12,8541
12,8542
12,8543
12,8544
12,8545
12,8546
12,8547
12,8548
12,8549
12,8550
12,8551
12,8552
12,8553
12,8554
12,8555
12,8556
12,8557
12,8558
12,8559
12,8560
12,8561
12,8562
12,8563
12,8564
12,8565
12,8566
12,8567
12,8568
12,8569
12,8570
12,8571
12,8572
12,8573
12,8574
12,8575
12,8576
12,8577
12,8578
12,8579
12,8580
12,8581
12,8582
12,8583
12,8584
12,8585
12,8586
12,8587
12,8588
12,8589
12,8590
12,8591
12,8592
12,8593
12,8594
12,8595
12,8596
12,8597
12,8598
12,8599
12,8600
12,8601
12,8602
12,8603
12,8604
12,8605
12,8606
12,8607
12,8608
12,8609
12,8610
12,8611
12,8612
12,8613
12,8614
12,8615
12,8616
12,8617
12,8618
12,8619
12,8620
12,8621
12,8622
12,8623
12,8624
12,8625
12,8626
12,8627
12,8628
12,8629
12,8630
12,8631
12,8632
12,8633
12,8634
12,8635
12,8636
12,8637
12,8638
12,8639
12,8640
12,8641
12,8642
12,8643
12,8644
12,8645
12,8646
12,8647
12,8648
12,8649
12,8650
12,8651
12,8652
12,8653
12,8654
12,8655
12,8656
12,8657
12,8658
12,8659
12,8660
12,8661
12,8662
12,8663
12,8664
12,8665
12,8666
12,8667
12,8668
12,8669
12,8670
12,8671
12,8672
12,8673
12,8674
12,8675
12,8676
12,8677
12,8678
12,8680
12,8681
12,8682
12,8683
12,8684
12,8685
12,8686
12,8687
12,8688
12,8689
12,8690
12,8691
12,8692
12,8693
12,8694
12,8695
12,8696
12,8697
12,8698
12,8699
12,8700
12,8701
12,8702
12,8703
12,8704
12,8705
12,8706
12,8707
12,8708
12,8709
12,8710
12,8711
12,8712
12,8713
12,8714
12,8715
12,8716
12,8717
12,8718
12,8719
12,8720
12,8721
12,8722
12,8723
12,8724
12,8725
12,8726
12,8727
12,8728
12,8729
12,8730
12,8731
12,8733
12,8734
12,8735
12,8736
12,8737
12,8738
12,8739
12,8740
12,8741
12,8742
12,8743
12,8744
12,8745
12,8746
12,8747
12,8748
12,8749
12,8750
12,8751
12,8752
12,8753
12,8754
12,8755
12,8756
12,8757
12,8758
12,8759
12,8760
12,8761
12,8762
12,8763
12,8764
12,8765
12,8766
12,8767
12,8768
12,8769
12,8770
12,8771
12,8772
12,8773
12,8774
12,8775
12,8776
12,8777
12,8778
12,8779
12,8780
12,8781
12,8782
12,8783
12,8784
12,8785
12,8786
12,8787
12,8788
12,8789
12,8790
12,8791
12,8793
12,8794
12,8795
12,8796
12,8797
12,8798
12,8799
12,8800
12,8801
12,8802
12,8803
12,8804
12,8805
12,8806
12,8807
12,8808
12,8809
12,8810
12,8811
12,8812
12,8813
12,8814
12,8815
12,8816
12,8817
12,8818
12,8819
12,8820
12,8821
12,8822
12,8823
12,8824
12,8825
12,8826
12,8827
12,8828
12,8829
12,8830
12,8831
12,8832
12,8833
12,8834
12,8835
12,8836
12,8837
12,8838
12,8839
12,8840
12,8841
12,8842
12,8843
12,8844
12,8845
12,8846
12,8847
12,8848
12,8849
12,8850
12,8851
12,8852
12,8853
12,8854
12,8855
12,8856
12,8857
12,8858
12,8859
12,8860
12,8861
12,8862
12,8863
12,8864
12,8865
12,8866
12,8867
12,8868
12,8869
12,8870
12,8871
12,8872
12,8873
12,8874
12,8875
12,8876
12,8877
12,8878
12,8879
12,8880
12,8881
12,8882
12,8883
12,8884
12,8885
12,8886
12,8887
12,8888
12,8889
12,8890
12,8891
12,8892
12,8893
12,8894
12,8895
12,8896
12,8897
12,8898
12,8899
12,8900
12,8901
12,8902
12,8903
12,8904
12,8905
12,8906
12,8907
12,8908
12,8909
12,8910
12,8911
12,8912
12,8913
12,8915
12,8916
12,8917
12,8918
12,8919
12,8920
12,8921
12,8922
12,8923
12,8924
12,8925
12,8926
12,8927
12,8928
12,8929
12,8930
12,8931
12,8932
12,8933
12,8934
12,8935
12,8936
12,8937
12,8938
12,8939
12,8940
12,8941
12,8942
12,8943
12,8944
12,8945
12,8946
12,8947
12,8948
12,8949
12,8950
12,8951
12,8952
12,8953
12,8954
12,8956
12,8957
12,8958
12,8959
12,8960
12,8961
12,8962
12,8963
12,8964
12,8965
12,8966
12,8967
12,8968
12,8969
12,8970
12,8971
12,8972
12,8973
12,8974
12,8975
12,8976
12,8977
12,8978
12,8979
12,8980
12,8981
12,8982
12,8983
12,8984
12,8985
12,8986
12,8987
12,8988
12,8989
12,8990
12,8991
12,8992
12,8993
12,8994
12,8995
12,8996
12,8997
12,8998
12,8999
12,9000
12,9001
12,9002
12,9003
12,9004
12,9005
12,9006
12,9007
12,9008
12,9009
12,9010
12,9011
12,9012
12,9013
12,9014
12,9015
12,9016
12,9017
12,9018
12,9019
12,9020
12,9021
12,9022
12,9023
12,9024
12,9026
12,9027
12,9028
12,9030
12,9031
12,9032
12,9033
12,9034
12,9035
12,9037
12,9039
12,9040
12,9041
12,9042
12,9043
12,9044
12,9045
12,9046
12,9047
12,9049
12,9050
12,9051
12,9052
12,9053
12,9054
12,9055
12,9056
12,9057
12,9058
12,9059
12,9061
12,9064
12,9065
12,9066
12,9067
12,9068
12,9069
12,9070
12,9071
12,9072
12,9073
12,9074
12,9075
12,9076
12,9077
12,9078
12,9079
12,9080
12,9081
12,9083
12,9084
12,9085
12,9086
12,9087
12,9088
12,9089
12,9090
12,9092
12,9093
12,9094
12,9095
12,9096
12,9097
12,9098
12,9099
12,9100
12,9101
12,9102
12,9103
12,9104
12,9105
12,9106
12,9107
12,9108
12,9109
12,9110
12,9111
12,9112
12,9113
12,9114
12,9115
12,9116
12,9117
12,9118
12,9119
12,9120
12,9121
12,9122
12,9123
12,9124
12,9125
12,9126
12,9127
12,9128
12,9129
12,9130
12,9131
12,9132
12,9133
12,9134
12,9135
12,9136
12,9137
12,9138
12,9139
12,9140
12,9141
12,9142
12,9143
12,9144
12,9145
12,9146
12,9147
12,9148
12,9149
12,9150
12,9151
12,9152
12,9153
12,9154
12,9155
12,9156
12,9157
12,9158
12,9159
12,9160
12,9161
12,9162
12,9163
12,9164
12,9165
12,9166
12,9167
12,9168
12,9169
12,9170
12,9171
12,9172
12,9173
12,9174
12,9175
12,9176
12,9177
12,9178
12,9179
12,9180
12,9181
12,9182
12,9183
12,9184
12,9185
12,9187
12,9188
12,9189
12,9190
12,9191
12,9192
12,9193
12,9194
12,9195
12,9196
12,9197
12,9198
12,9199
12,9200
12,9201
12,9202
12,9203
12,9204
12,9205
12,9206
12,9207
12,9208
12,9209
12,9210
12,9211
12,9212
12,9213
12,9214
12,9215
12,9216
12,9217
12,9218
12,9219
12,9220
12,9221
12,9222
12,9223
12,9224
12,9225
12,9226
12,9227
12,9228
12,9229
12,9230
12,9231
12,9232
12,9233
12,9234
12,9235
12,9236
12,9237
12,9238
12,9239
12,9240
12,9241
12,9242
12,9243
12,9244
12,9245
12,9246
12,9247
12,9248
12,9249
12,9250
12,9251
12,9252
12,9253
12,9254
12,9255
12,9256
12,9257
12,9258
12,9259
12,9260
12,9261
12,9262
12,9263
12,9264
12,9265
12,9266
12,9267
12,9268
12,9269
12,9270
12,9271
12,9272
12,9273
12,9274
12,9276
12,9277
12,9279
12,9280
12,9281
12,9282
12,9283
12,9284
12,9285
12,9286
12,9287
12,9288
12,9289
12,9290
12,9291
12,9292
12,9293
12,9294
12,9295
12,9296
12,9297
12,9298
12,9299
12,9300
12,9301
12,9302
12,9303
12,9304
12,9305
12,9306
12,9307
12,9308
12,9309
12,9310
12,9311
12,9312
12,9313
12,9314
12,9315
12,9316
12,9317
12,9318
12,9319
12,9320
12,9321
12,9322
12,9323
12,9324
12,9325
12,9326
12,9327
12,9328
12,9329
12,9330
12,9331
12,9332
12,9333
12,9334
12,9335
12,9336
12,9337
12,9338
12,9339
12,9340
12,9341
12,9342
12,9343
12,9344
12,9345
12,9346
12,9347
12,9348
12,9349
12,9350
12,9351
12,9352
12,9353
12,9354
12,9355
12,9356
12,9357
12,9358
12,9359
12,9360
12,9361
12,9362
12,9363
12,9364
12,9365
12,9366
12,9367
12,9368
12,9369
12,9370
12,9371
12,9372
12,9373
12,9374
12,9375
12,9376
12,9377
12,9378
12,9379
12,9380
12,9381
12,9382
12,9383
12,9384
12,9385
12,9386
12,9387
12,9388
12,9389
12,9391
12,9392
12,9393
12,9394
12,9395
12,9396
12,9397
12,9398
12,9399
12,9400
12,9401
12,9402
12,9403
12,9404
12,9405
12,9406
12,9407
12,9408
12,9409
12,9410
12,9411
12,9412
12,9413
12,9414
12,9415
12,9416
12,9417
12,9418
12,9419
12,9420
12,9421
12,9422
12,9423
12,9424
12,9425
12,9426
12,9427
12,9428
12,9429
12,9430
12,9431
12,9432
12,9433
12,9434
12,9435
12,9436
12,9437
12,9438
12,9439
12,9440
12,9442
12,9443
12,9444
12,9445
12,9446
12,9447
12,9448
12,9449
12,9450
12,9451
12,9452
12,9453
12,9454
12,9455
12,9456
12,9457
12,9458
12,9459
12,9460
12,9461
12,9462
12,9463
12,9464
12,9465
12,9466
12,9467
12,9468
12,9469
12,9470
12,9471
12,9472
12,9473
12,9474
12,9475
12,9476
12,9477
12,9478
12,9479
12,9480
12,9481
12,9482
12,9483
12,9484
12,9485
12,9486
12,9487
12,9488
12,9489
12,9490
12,9491
12,9492
12,9493
12,9494
12,9495
12,9496
12,9497
12,9498
12,9499
12,9500
12,9501
12,9502
12,9503
12,9504
12,9505
12,9506
12,9507
12,9508
12,9509
12,9510
12,9511
12,9512
12,9513
12,9514
12,9515
12,9516
12,9517
12,9518
12,9519
12,9520
12,9521
12,9522
12,9523
12,9524
12,9525
12,9526
12,9527
12,9528
12,9529
12,9530
12,9531
12,9532
12,9533
12,9534
12,9535
12,9536
12,9537
12,9538
12,9539
12,9540
12,9541
12,9542
12,9543
12,9544
12,9545
12,9546
12,9547
12,9548
12,9549
12,9550
12,9551
12,9552
12,9553
12,9554
12,9555
12,9556
12,9557
12,9558
12,9559
12,9560
12,9561
12,9562
12,9563
12,9564
12,9565
12,9566
12,9567
12,9568
12,9569
12,9570
12,9571
12,9572
12,9573
12,9574
12,9575
12,9576
12,9577
12,9578
12,9579
12,9580
12,9581
12,9582
12,9583
12,9584
12,9585
12,9586
12,9587
12,9588
12,9590
12,9591
12,9592
12,9593
12,9594
12,9595
12,9596
12,9597
12,9598
12,9599
12,9600
12,9601
12,9602
12,9603
12,9604
12,9605
12,9606
12,9607
12,9608
12,9609
12,9610
12,9611
12,9613
12,9614
12,9615
12,9616
12,9617
12,9618
12,9619
12,9620
12,9621
12,9622
12,9623
12,9624
12,9625
12,9626
12,9627
12,9628
12,9629
12,9630
12,9631
12,9632
12,9633
12,9634
12,9635
12,9637
12,9638
12,9639
12,9640
12,9641
12,9642
12,9643
12,9644
12,9645
12,9646
12,9647
12,9648
12,9649
12,9650
12,9651
12,9652
12,9653
12,9654
12,9655
12,9656
12,9657
12,9658
12,9659
12,9660
12,9661
12,9662
12,9663
12,9664
12,9665
12,9666
12,9667
12,9668
12,9669
12,9670
12,9671
12,9672
12,9673
12,9674
12,9675
12,9676
12,9677
12,9678
12,9679
12,9680
12,9681
12,9682
12,9683
12,9684
12,9685
12,9686
12,9687
12,9688
12,9689
12,9690
12,9691
12,9692
12,9693
12,9694
12,9695
12,9696
12,9697
12,9698
12,9699
12,9700
12,9701
12,9702
12,9703
12,9704
12,9705
12,9706
12,9707
12,9708
12,9709
12,9710
12,9711
12,9712
12,9713
12,9714
12,9715
12,9716
12,9717
12,9718
12,9719
12,9720
12,9721
12,9722
12,9723
12,9724
12,9725
12,9726
12,9727
12,9728
12,9729
12,9730
12,9731
12,9732
12,9733
12,9734
12,9735
12,9736
12,9737
12,9738
12,9740
12,9741
12,9742
12,9743
12,9744
12,9746
12,9747
12,9748
12,9749
12,9750
12,9751
12,9752
12,9753
12,9754
12,9755
12,9756
12,9757
12,9758
12,9759
12,9760
12,9761
12,9762
12,9763
12,9764
12,9765
12,9766
12,9767
12,9768
12,9769
12,9770
12,9771
12,9772
12,9773
12,9774
12,9775
12,9776
12,9777
12,9778
12,9779
12,9780
12,9781
12,9782
12,9783
12,9784
12,9785
12,9786
12,9787
12,9788
12,9789
12,9790
12,9791
12,9792
12,9793
12,9794
12,9795
12,9796
12,9797
12,9798
12,9799
12,9800
12,9801
12,9802
12,9803
12,9804
12,9805
12,9806
12,9807
12,9808
12,9809
12,9810
12,9811
12,9812
12,9813
12,9814
12,9815
12,9816
12,9817
12,9818
12,9820
12,9821
12,9823
12,9824
12,9825
12,9826
12,9828
12,9829
12,9830
12,9831
12,9832
12,9833
12,9834
12,9835
12,9836
12,9837
12,9838
12,9839
12,9840
12,9841
12,9842
12,9843
12,9844
12,9845
12,9846
12,9847
12,9848
12,9849
12,9850
12,9851
12,9852
12,9853
12,9854
12,9855
12,9856
12,9857
12,9858
12,9859
12,9860
12,9861
12,9862
12,9863
12,9864
12,9865
12,9866
12,9867
12,9868
12,9869
12,9870
12,9871
12,9872
12,9873
12,9874
12,9875
12,9876
12,9877
12,9878
12,9879
12,9880
12,9881
12,9882
12,9883
12,9884
12,9885
12,9886
12,9887
12,9888
12,9889
12,9890
12,9891
12,9892
12,9893
12,9894
12,9895
12,9896
12,9897
12,9898
12,9899
12,9900
12,9901
12,9902
12,9903
12,9904
12,9905
12,9906
12,9907
12,9908
12,9909
12,9910
12,9911
12,9912
12,9913
12,9914
12,9915
12,9916
12,9917
12,9918
12,9919
12,9920
12,9921
12,9922
12,9923
12,9924
12,9925
12,9926
12,9927
12,9928
12,9929
12,9930
12,9931
12,9932
12,9933
12,9934
12,9935
12,9936
12,9937
12,9938
12,9939
12,9940
12,9941
12,9942
12,9943
12,9944
12,9945
12,9946
12,9947
12,9948
12,9949
12,9950
12,9951
12,9952
12,9953
12,9954
12,9955
12,9956
12,9957
12,9958
12,9959
12,9960
12,9961
12,9962
12,9963
12,9964
12,9965
12,9966
12,9967
12,9968
12,9970
12,9971
12,9972
12,9973
12,9974
12,9975
12,9976
12,9977
12,9978
12,9979
12,9980
12,9981
12,9982
12,9983
12,9984
12,9985
12,9986
12,9987
12,9988
12,9989
12,9990
12,9991
12,9992
12,9993
12,9994
12,9995
12,9996
12,9997
12,9998
12,9999
12,10000
12,10001
12,10002
12,10003
12,10004
12,10005
12,10006
12,10007
12,10008
12,10009
12,10010
12,10011
12,10012
12,10013
12,10014
12,10015
12,10016
12,10017
12,10018
12,10019
12,10020
12,10021
12,10022
12,10023
12,10024
12,10025
12,10026
12,10027
12,10028
12,10029
12,10030
12,10031
12,10032
12,10033
12,10034
12,10036
12,10037
12,10038
12,10039