11,5000
11,5001
11,5002
11,5003
11,5004
11,5005
11,5006
11,5007
11,5008
11,5009
11,5010
11,5011
11,5012
11,5013
11,5014
11,5015
11,5016
11,5017
11,5018
11,5019
11,5020
11,5021
11,5022
11,5023
11,5024
11,5025
11,5026
11,5027
11,5028
11,5029
11,5030
11,5031
11,5032
11,5033
11,5034
11,5035
11,5036
11,5037
11,5038
11,5039
11,5040
11,5041
11,5042
11,5043
11,5044
11,5045
11,5046
11,5047
11,5048
11,5049
11,5050
11,5051
11,5052
11,5053
11,5054
11,5055
11,5056
11,5057
11,5058
11,5059
11,5060
11,5061
11,5062
11,5063
11,5064
11,5065
11,5066
11,5067
11,5068
11,5069
11,5070
11,5071
11,5072
11,5073
11,5074
11,5075
11,5076
11,5077
11,5078
11,5079
11,5080
11,5081
11,5082
11,5083
11,5084
11,5085
11,5086
11,5087
11,5088
11,5089
11,5090
11,5091
11,5092
11,5093
11,5094
11,5095
11,5096
11,5097
11,5098
11,5099
11,5100
11,5101
11,5102
11,5103
11,5104
11,5105
11,5106
11,5107
11,5108
11,5109
11,5110
11,5111
11,5112
11,5113
11,5114
11,5115
11,5116
11,5117
11,5118
11,5119
11,5120
11,5121
11,5122
11,5123
11,5124
11,5125
11,5126
11,5127
11,5128
11,5129
11,5130
11,5131
11,5132
11,5133
11,5134
11,5135
11,5136
11,5137
11,5138
11,5139
11,5140
11,5141
11,5142
11,5143
11,5144
11,5145
11,5146
11,5147
11,5148
11,5149
11,5150
11,5151
11,5152
11,5153
11,5154
11,5155
11,5156
11,5157
11,5158
11,5159
11,5160
11,5161
11,5162
11,5163
11,5164
11,5165
11,5166
11,5167
11,5168
11,5169
11,5170
11,5171
11,5172
11,5173
11,5174
11,5175
11,5176
11,5177
11,5178
11,5179
11,5180
11,5181
11,5182
11,5183
11,5184
11,5185
11,5186
11,5187
11,5188
11,5189
11,5190
11,5191
11,5192
11,5193
11,5194
11,5195
11,5196
11,5197
11,5198
11,5199
11,5200
11,5201
11,5202
11,5203
11,5204
11,5205
11,5206
11,5207
11,5208
11,5209
11,5210
11,5211
11,5212
11,5213
11,5214
11,5215
11,5216
11,5217
11,5218
11,5219
11,5220
11,5221
11,5222
11,5223
11,5224
11,5225
11,5226
11,5227
11,5228
11,5229
11,5230
11,5231
11,5232
11,5233
11,5234
11,5235
11,5236
11,5237
11,5238
11,5239
11,5240
11,5241
11,5242
11,5243
11,5244
11,5245
11,5246
11,5247
11,5248
11,5249
11,5250
11,5251
11,5252
11,5253
11,5254
11,5255
11,5256
11,5257
11,5258
11,5259
11,5260
11,5261
11,5262
11,5263
11,5264
11,5265
11,5266
11,5267
11,5268
11,5269
11,5270
11,5271
11,5272
11,5273
11,5274
11,5275
11,5276
11,5277
11,5278
11,5279
11,5280
11,5281
11,5282
11,5283
11,5284
11,5285
11,5286
11,5287
11,5288
11,5289
11,5290
11,5291
11,5292
11,5293
11,5294
11,5295
11,5296
11,5297
11,5298
11,5299
11,5300
11,5301
11,5302
11,5303
11,5304
11,5305
11,5306
11,5307
11,5308
11,5309
11,5310
11,5311
11,5312
11,5313
11,5314
11,5315
11,5316
11,5317
11,5318
11,5319
11,5320
11,5321
11,5322
11,5323
11,5324
11,5325
11,5326
11,5327
11,5328
11,5329
11,5330
11,5331
11,5332
11,5333
11,5334
11,5335
11,5336
11,5337
11,5338
11,5339
11,5340
11,5341
11,5342
11,5343
11,5344
11,5345
11,5346
11,5347
11,5348
11,5349
11,5350
11,5351
11,5352
11,5353
11,5354
11,5355
11,5356
11,5357
11,5358
11,5359
11,5360
11,5361
11,5362
11,5363
11,5364
11,5365
11,5366
11,5367
11,5368
11,5369
11,5370
11,5371
11,5372
11,5373
11,5374
11,5375
11,5376
11,5377
11,5378
11,5379
11,5380
11,5381
11,5382
11,5383
11,5384
11,5385
11,5386
11,5387
11,5388
11,5389
11,5390
11,5391
11,5392
11,5393
11,5394
11,5395
11,5396
11,5397
11,5398
11,5399
11,5400
11,5401
11,5402
11,5403
11,5404
11,5405
11,5406
11,5407
11,5408
11,5409
11,5410
11,5411
11,5412
11,5413
11,5414
11,5415
11,5416
11,5417
11,5418
11,5419
11,5420
11,5421
11,5422
11,5423
11,5424
11,5425
11,5426
11,5427
11,5428
11,5429
11,5430
11,5431
11,5432
11,5433
11,5434
11,5435
11,5436
11,5437
11,5438
11,5439
11,5440
11,5441
11,5442
11,5443
11,5444
11,5445
11,5446
11,5447
11,5448
11,5449
11,5450
11,5451
11,5452
11,5453
11,5454
11,5455
11,5456
11,5457
11,5458
11,5459
11,5460
11,5461
11,5462
11,5463
11,5464
11,5465
11,5466
11,5467
11,5468
11,5469
11,5470
11,5471
11,5472
11,5473
11,5474
11,5475
11,5476
11,5477
11,5478
11,5479
11,5480
11,5481
11,5482
11,5483
11,5484
11,5485
11,5486
11,5487
11,5488
11,5489
11,5490
11,5491
11,5492
11,5493
11,5494
11,5495
11,5496
11,5497
11,5498
11,5499
11,5500
11,5501
11,5502
11,5503
11,5504
11,5505
11,5506
11,5507
11,5508
11,5509
11,5510
11,5511
11,5512
11,5513
11,5514
11,5515
11,5516
11,5517
11,5518
11,5519
11,5520
11,5521
11,5522
11,5523
11,5524
11,5525
11,5526
11,5527
11,5528
11,5529
11,5530
11,5531
11,5532
11,5533
11,5534
11,5535
11,5536
11,5537
11,5538
11,5539
11,5540
11,5541
11,5542
11,5543
11,5544
11,5545
11,5546
11,5547
11,5548
11,5549
11,5550
11,5551
11,5552
11,5553
11,5554
11,5555
11,5556
11,5557
11,5558
11,5559
11,5560
11,5561
11,5562
11,5563
11,5564
11,5565
11,5566
11,5567
11,5568
11,5569
11,5570
11,5571
11,5572
11,5573
11,5574
11,5575
11,5576
11,5577
11,5578
11,5579
11,5580
11,5581
11,5582
11,5583
11,5584
11,5585
11,5586
11,5587
11,5588
11,5589
11,5590
11,5591
11,5592
11,5593
11,5594
11,5595
11,5596
11,5597
11,5598
11,5599
11,5600
11,5601
11,5602
11,5603
11,5604
11,5605
11,5606
11,5607
11,5608
11,5609
11,5610
11,5611
11,5612
11,5613
11,5614
11,5615
11,5616
11,5617
11,5618
11,5619
11,5620
11,5621
11,5622
11,5623
11,5624
11,5625
11,5626
11,5627
11,5628
11,5629
11,5630
11,5631
11,5632
11,5633
11,5634
11,5635
11,5636
11,5637
11,5638
11,5639
11,5640
11,5641
11,5642
11,5643
11,5644
11,5645
11,5646
11,5647
11,5648
11,5649
11,5650
11,5651
11,5652
11,5653
11,5654
11,5655
11,5656
11,5657
11,5658
11,5659
11,5660
11,5661
11,5662
11,5663
11,5664
11,5665
11,5666
11,5667
11,5668
11,5669
11,5670
11,5671
11,5672
11,5673
11,5674
11,5675
11,5676
11,5677
11,5678
11,5679
11,5680
11,5681
11,5682
11,5683
11,5684
11,5685
11,5686
11,5687
11,5688
11,5689
11,5690
11,5691
11,5692
11,5693
11,5694
11,5695
11,5696
11,5697
11,5698
11,5699
11,5700
11,5701
11,5702
11,5703
11,5704
11,5705
11,5706
11,5707
11,5708
11,5709
11,5710
11,5711
11,5712
11,5713
11,5714
11,5715
11,5716
11,5717
11,5718
11,5719
11,5720
11,5721
11,5722
11,5723
11,5724
11,5725
11,5726
11,5727
11,5728
11,5729
11,5730
11,5731
11,5732
11,5733
11,5734
11,5735
11,5736
11,5737
11,5738
11,5739
11,5740
11,5741
11,5742
11,5743
11,5744
11,5745
11,5746
11,5747
11,5748
11,5749
11,5750
11,5751
11,5752
11,5753
11,5754
11,5755
11,5756
11,5757
11,5758
11,5759
11,5760
11,5761
11,5762
11,5763
11,5764
11,5765
11,5766
11,5767
11,5768
11,5769
11,5770
11,5771
11,5772
11,5773
11,5774
11,5775
11,5776
11,5777
11,5778
11,5779
11,5780
11,5781
11,5782
11,5783
11,5784
11,5785
11,5786
11,5787
11,5788
11,5789
11,5790
11,5791
11,5792
11,5793
11,5794
11,5795
11,5796
11,5797
11,5798
11,5799
11,5800
11,5801
11,5802
11,5803
11,5804
11,5805
11,5806
11,5807
11,5808
11,5809
11,5810
11,5811
11,5812
11,5813
11,5814
11,5815
11,5816
11,5817
11,5818
11,5819
11,5820
11,5821
11,5822
11,5823
11,5824
11,5825
11,5826
11,5827
11,5828
11,5829
11,5830
11,5831
11,5832
11,5833
11,5834
11,5835
11,5836
11,5837
11,5838
11,5839
11,5840
11,5841
11,5842
11,5843
11,5844
11,5845
11,5846
11,5847
11,5848
11,5849
11,5850
11,5851
11,5852
11,5853
11,5854
11,5855
11,5856
11,5857
11,5858
11,5859
11,5860
11,5861
11,5862
11,5863
11,5864
11,5865
11,5866
11,5867
11,5868
11,5869
11,5870
11,5871
11,5872
11,5873
11,5874
11,5875
11,5876
11,5877
11,5878
11,5879
11,5880
11,5881
11,5882
11,5883
11,5884
11,5885
11,5886
11,5887
11,5888
11,5889
11,5890
11,5891
11,5892
11,5893
11,5894
11,5895
11,5896
11,5897
11,5898
11,5899
11,5900
11,5901
11,5902
11,5903
11,5904
11,5905
11,5906
11,5907
11,5908
11,5909
11,5910
11,5911
11,5912
11,5913
11,5914
11,5915
11,5916
11,5917
11,5918
11,5919
11,5920
11,5921
11,5922
11,5923
11,5924
11,5925
11,5926
11,5927
11,5928
11,5929
11,5930
11,5931
11,5932
11,5933
11,5934
11,5935
11,5936
11,5937
11,5938
11,5939
11,5940
11,5941
11,5942
11,5943
11,5944
11,5945
11,5946
11,5947
11,5948
11,5949
11,5950
11,5951
11,5952
11,5953
11,5954
11,5955
11,5956
11,5957
11,5958
11,5959
11,5960
11,5961
11,5962
11,5963
11,5964
11,5965
11,5966
11,5967
11,5968
11,5969
11,5970
11,5971
11,5972
11,5973
11,5974
11,5975
11,5976
11,5977
11,5978
11,5979
11,5980
11,5981
11,5982
11,5983
11,5984
11,5985
11,5986
11,5987
11,5988
11,5989
11,5990
11,5991
11,5992
11,5993
11,5994
11,5995
11,5996
11,5997
11,5998
11,5999
11,6000
11,6001
11,6002
11,6003
11,6004
11,6005
11,6006
11,6007
11,6008
11,6009
11,6010
11,6011
11,6012
11,6013
11,6014
11,6015
11,6016
11,6017
11,6018
11,6019
11,6020
11,6021
11,6022
11,6023
11,6024
11,6025
11,6026
11,6027
11,6028
11,6029
11,6030
11,6031
11,6032
11,6033
11,6034
11,6035
11,6036
11,6037
11,6038
11,6039
11,6040
11,6041
11,6042
11,6043
11,6044
11,6045
11,6046
11,6047
11,6048
11,6049
11,6050
11,6051
11,6052
11,6053
11,6054
11,6055
11,6056
11,6057
11,6058
11,6059
11,6060
11,6061
11,6062
11,6063
11,6064
11,6065
11,6066
11,6067
11,6068
11,6069
11,6070
11,6071
11,6072
11,6073
11,6074
11,6075
11,6076
11,6077
11,6078
11,6079
11,6080
11,6081
11,6082
11,6083
11,6084
11,6085
11,6086
11,6087
11,6088
11,6089
11,6090
11,6091
11,6092
11,6093
11,6094
11,6095
11,6096
11,6097
11,6098
11,6099
11,6100
11,6101
11,6102
11,6103
11,6104
11,6105
11,6106
11,6107
11,6108
11,6109
11,6110
11,6111
11,6112
11,6113
11,6114
11,6115
11,6116
11,6117
11,6118
11,6119
11,6120
11,6121
11,6122
11,6123
11,6124
11,6125
11,6126
11,6127
11,6128
11,6129
11,6130
11,6131
11,6132
11,6133
11,6134
11,6135
11,6136
11,6137
11,6138
11,6139
11,6140
11,6141
11,6142
11,6143
11,6144
11,6145
11,6146
11,6147
11,6148
11,6149
11,6150
11,6151
11,6152
11,6153
11,6154
11,6155
11,6156
11,6157
11,6158
11,6159
11,6160
11,6161
11,6162
11,6163
11,6164
11,6165
11,6166
11,6167
11,6168
11,6169
11,6170
11,6171
11,6172
11,6173
11,6174
11,6175
11,6176
11,6177
11,6178
11,6179
11,6180
11,6181
11,6182
11,6183
11,6184
11,6185
11,6186
11,6187
11,6188
11,6189
11,6190
11,6191
11,6192
11,6193
11,6194
11,6195
11,6196
11,6197
11,6198
11,6199
11,6200
11,6201
11,6202
11,6203
11,6204
11,6205
11,6206
11,6207
11,6208
11,6209
11,6210
11,6211
11,6212
11,6213
11,6214
11,6215
11,6216
11,6217
11,6218
11,6219
11,6220
11,6221
11,6222
11,6223
11,6224
11,6225
11,6226
11,6227
11,6228
11,6229
11,6230
11,6231
11,6232
11,6233
11,6234
11,6235
11,6236
11,6237
11,6238
11,6239
11,6240
11,6241
11,6242
11,6243
11,6244
11,6245
11,6246
11,6247
11,6248
11,6249
11,6250
11,6251
11,6252
11,6253
11,6254
11,6255
11,6256
11,6257
11,6258
11,6259
11,6260
11,6261
11,6262
11,6263
11,6264
11,6265
11,6266
11,6267
11,6268
11,6269
11,6270
11,6271
11,6272
11,6273
11,6274
11,6275
11,6276
11,6277
11,6278
11,6279
11,6280
11,6281
11,6282
11,6283
11,6284
11,6285
11,6286
11,6287
11,6288
11,6289
11,6290
11,6291
11,6292
11,6293
11,6294
11,6295
11,6296
11,6297
11,6298
11,6299
11,6300
11,6301
11,6302
11,6303
11,6304
11,6305
11,6306
11,6307
11,6308
11,6309
11,6310
11,6311
11,6312
11,6313
11,6314
11,6315
11,6316
11,6317
11,6318
11,6319
11,6320
11,6321
11,6322
11,6323
11,6324
11,6325
11,6326
11,6327
11,6328
11,6329
11,6330
11,6331
11,6332
11,6333
11,6334
11,6335
11,6336
11,6337
11,6338
11,6339
11,6340
11,6341
11,6342
11,6343
11,6344
11,6345
11,6346
11,6347
11,6348
11,6349
11,6350
11,6351
11,6352
11,6353
11,6354
11,6355
11,6356
11,6357
11,6358
11,6359
11,6360
11,6361
11,6362
11,6363
11,6364
11,6365
11,6366
11,6367
11,6368
11,6369
11,6370
11,6371
11,6372
11,6373
11,6374
11,6375
11,6376
11,6377
11,6378
11,6379
11,6380
11,6381
11,6382
11,6383
11,6384
11,6385
11,6386
11,6387
11,6388
11,6389
11,6390
11,6391
11,6392
11,6393
11,6394
11,6395
11,6396
11,6397
11,6398
11,6399
11,6400
11,6401
11,6402
11,6403
11,6404
11,6405
11,6406
11,6407
11,6408
11,6409
11,6410
11,6411
11,6412
11,6413
11,6414
11,6415
11,6416
11,6417
11,6418
11,6419
11,6420
11,6421
11,6422
11,6423
11,6424
11,6425
11,6426
11,6427
11,6428
11,6429
11,6430
11,6431
11,6432
11,6433
11,6434
11,6435
11,6436
11,6437
11,6438
11,6439
11,6440
11,6441
11,6442
11,6443
11,6444
11,6445
11,6446
11,6447
11,6448
11,6449
11,6450
11,6451
11,6452
11,6453
11,6454
11,6455
11,6456
11,6457
11,6458
11,6459
11,6460
11,6461
11,6462
11,6463
11,6464
11,6465
11,6466
11,6467
11,6468
11,6469
11,6470
11,6471
11,6472
11,6473
11,6474
11,6475
11,6476
11,6477
11,6478
11,6479
11,6480
11,6481
11,6482
11,6483
11,6484
11,6485
11,6486
11,6487
11,6488
11,6489
11,6490
11,6491
11,6492
11,6493
11,6494
11,6495
11,6496
11,6497
11,6498
11,6499
11,6500
11,6501
11,6502
11,6503
11,6504
11,6505
11,6506
11,6507
11,6508
11,6509
11,6510
11,6511
11,6512
11,6513
11,6514
11,6515
11,6516
11,6517
11,6518
11,6519
11,6520
11,6521
11,6522
11,6523
11,6524
11,6525
11,6526
11,6527
11,6528
11,6529
11,6530
11,6531
11,6532
11,6533
11,6534
11,6535
11,6536
11,6537
11,6538
11,6539
11,6540
11,6541
11,6542
11,6543
11,6544
11,6545
11,6546
11,6547
11,6548
11,6549
11,6550
11,6551
11,6552
11,6553
11,6554
11,6555
11,6556
11,6557
11,6558
11,6559
11,6560
11,6561
11,6562
11,6563
11,6564
11,6565
11,6566
11,6567
11,6568
11,6569
11,6570
11,6571
11,6572
11,6573
11,6574
11,6575
11,6576
11,6577
11,6578
11,6579
11,6580
11,6581
11,6582
11,6583
11,6584
11,6585
11,6586
11,6587
11,6588
11,6589
11,6590
11,6591
11,6592
11,6593
11,6594
11,6595
11,6596
11,6597
11,6598
11,6599
11,6600
11,6601
11,6602
11,6603
11,6604
11,6605
11,6606
11,6607
11,6608
11,6609
11,6610
11,6611
11,6612
11,6613
11,6614
11,6615
11,6616
11,6617
11,6618
11,6619
11,6620
11,6621
11,6622
11,6623
11,6624
11,6625
11,6626
11,6627
11,6628
11,6629
11,6630
11,6631
11,6632
11,6633
11,6634
11,6635
11,6636
11,6637
11,6638
11,6639
11,6640
11,6641
11,6642
11,6643
11,6644
11,6645
11,6646
11,6647
11,6648
11,6649
11,6650
11,6651
11,6652
11,6653
11,6654
11,6655
11,6656
11,6657
11,6658
11,6659
11,6660
11,6661
11,6662
11,6663
11,6664
11,6665
11,6666
11,6667
11,6668
11,6669
11,6670
11,6671
11,6672
11,6673
11,6674
11,6675
11,6676
11,6677
11,6678
11,6679
11,6680
11,6681
11,6682
11,6683
11,6684
11,6685
11,6686
11,6687
11,6688
11,6689
11,6690
11,6691
11,6692
11,6693
11,6694
11,6695
11,6696
11,6697
11,6698
11,6699
11,6700
11,6701
11,6702
11,6703
11,6704
11,6705
11,6706
11,6707
11,6708
11,6709
11,6710
11,6711
11,6712
11,6713
11,6714
11,6715
11,6716
11,6717
11,6718
11,6719
11,6720
11,6721
11,6722
11,6723
11,6724
11,6725
11,6726
11,6727
11,6728
11,6729
11,6730
11,6731
11,6732
11,6733
11,6734
11,6735
11,6736
11,6737
11,6738
11,6739
11,6740
11,6741
11,6742
11,6743
11,6744
11,6745
11,6746
11,6747
11,6748
11,6749
11,6750
11,6751
11,6752
11,6753
11,6754
11,6755
11,6756
11,6757
11,6758
11,6759
11,6760
11,6761
11,6762
11,6763
11,6764
11,6765
11,6766
11,6767
11,6768
11,6769
11,6770
11,6771
11,6772
11,6773
11,6774
11,6775
11,6776
11,6777
11,6778
11,6779
11,6780
11,6781
11,6782
11,6783
11,6784
11,6785
11,6786
11,6787
11,6788
11,6789
11,6790
11,6791
11,6792
11,6793
11,6794
11,6795
11,6796
11,6797
11,6798
11,6799
11,6800
11,6801
11,6802
11,6803
11,6804
11,6805
11,6806
11,6807
11,6808
11,6809
11,6810
11,6811
11,6812
11,6813
11,6814
11,6815
11,6816
11,6817
11,6818
11,6819
11,6820
11,6821
11,6822
11,6823
11,6824
11,6825
11,6826
11,6827
11,6828
11,6829
11,6830
11,6831
11,6832
11,6833
11,6834
11,6835
11,6836
11,6837
11,6838
11,6839
11,6840
11,6841
11,6842
11,6843
11,6844
11,6845
11,6846
11,6847
11,6848
11,6849
11,6850
11,6851
11,6852
11,6853
11,6854
11,6855
11,6856
11,6857
11,6858
11,6859
11,6860
11,6861
11,6862
11,6863
11,6864
11,6865
11,6866
11,6867
11,6868
11,6869
11,6870
11,6871
11,6872
11,6873
11,6874
11,6875
11,6876
11,6877
11,6878
11,6879
11,6880
11,6881
11,6882
11,6883
11,6884
11,6885
11,6886
11,6887
11,6888
11,6889
11,6890
11,6891
11,6892
11,6893
11,6894
11,6895
11,6896
11,6897
11,6898
11,6899
11,6900
11,6901
11,6902
11,6903
11,6904
11,6905
11,6906
11,6907
11,6908
11,6909
11,6910
11,6911
11,6912
11,6913
11,6914
11,6915
11,6916
11,6917
11,6918
11,6919
11,6920
11,6921
11,6922
11,6923
11,6924
11,6925
11,6926
11,6927
11,6928
11,6929
11,6930
11,6931
11,6932
11,6933
11,6934
11,6935
11,6936
11,6937
11,6938
11,6939
11,6940
11,6941
11,6942
11,6943
11,6944
11,6945
11,6946
11,6947
11,6948
11,6949
11,6950
11,6951
11,6952
11,6953
11,6954
11,6955
11,6956
11,6957
11,6958
11,6959
11,6960
11,6961
11,6962
11,6963
11,6964
11,6965
11,6966
11,6967
11,6968
11,6969
11,6970
11,6971
11,6972
11,6973
11,6974
11,6975
11,6976
11,6977
11,6978
11,6979
11,6980
11,6981
11,6982
11,6983
11,6984
11,6985
11,6986
11,6987
11,6988
11,6989
11,6990
11,6991
11,6992
11,6993
11,6994
11,6995
11,6996
11,6997
11,6998
11,6999
11,7000
11,7001
11,7002
11,7003
11,7004
11,7005
11,7006
11,7007
11,7008
11,7009
11,7010
11,7011
11,7012
11,7013
11,7014
11,7015
11,7016
11,7017
11,7018
11,7019
11,7020
11,7021
11,7022
11,7023
11,7024
11,7025
11,7026
11,7027
11,7028
11,7029
11,7030
11,7031
11,7032
11,7033
11,7034
11,7035
11,7036
11,7037
11,7038
11,7039
11,7040
11,7041
11,7042
11,7043
11,7044
11,7045
11,7046
11,7047
11,7048
11,7049
11,7050
11,7051
11,7052
11,7053
11,7054
11,7055
11,7056
11,7057
11,7058
11,7059
11,7060
11,7061
11,7062
11,7063
11,7064
11,7065
11,7066
11,7067
11,7068
11,7069
11,7070
11,7071
11,7072
11,7073
11,7074
11,7075
11,7076
11,7077
11,7078
11,7079
11,7080
11,7081
11,7082
11,7083
11,7084
11,7085
11,7086
11,7087
11,7088
11,7089
11,7090
11,7091
11,7092
11,7093
11,7094
11,7095
11,7096
11,7097
11,7098
11,7099
11,7100
11,7101
11,7102
11,7103
11,7104
11,7105
11,7106
11,7107
11,7108
11,7109
11,7110
11,7111
11,7112
11,7113
11,7114
11,7115
11,7116
11,7117
11,7118
11,7119
11,7120
11,7121
11,7122
11,7123
11,7124
11,7125
11,7126
11,7127
11,7128
11,7129
11,7130
11,7131
11,7132
11,7133
11,7134
11,7135
11,7136
11,7137
11,7138
11,7139
11,7140
11,7141
11,7142
11,7143
11,7144
11,7145
11,7146
11,7147
11,7148
11,7149
11,7150
11,7151
11,7152
11,7153
11,7154
11,7155
11,7156
11,7157
11,7158
11,7159
11,7160
11,7161
11,7162
11,7163
11,7164
11,7165
11,7166
11,7167
11,7168
11,7169
11,7170
11,7171
11,7172
11,7173
11,7174
11,7175
11,7176
11,7177
11,7178
11,7179
11,7180
11,7181
11,7182
11,7183
11,7184
11,7185
11,7186
11,7187
11,7188
11,7189
11,7190
11,7191
11,7192
11,7193
11,7194
11,7195
11,7196
11,7197
11,7198
11,7199
11,7200
11,7201
11,7202
11,7203
11,7204
11,7205
11,7206
11,7207
11,7208
11,7209
11,7210
11,7211
11,7212
11,7213
11,7214
11,7215
11,7216
11,7217
11,7218
11,7219
11,7220
11,7221
11,7222
11,7223
11,7224
11,7225
11,7226
11,7227
11,7228
11,7229
11,7230
11,7231
11,7232
11,7273
11,7274
11,7275
11,7276
11,7277
11,7278
11,7279
11,7280
11,7281
11,7282
11,7283
11,7284
11,7285
11,7286
11,7287
11,7288
11,7289
11,7290
11,7291
11,7292
11,7293
11,7294
11,7295
11,7296
11,7297
11,7298
11,7299
11,7300
11,7301
11,7302
11,7303
11,7304
11,7305
11,7306
11,7307
11,7308
11,7309
11,7310
11,7311
11,7312
11,7313
11,7314
11,7315
11,7316
11,7317
11,7318
11,7319
11,7320
11,7321
11,7322
11,7323
11,7324
11,7325
11,7326
11,7327
11,7328
11,7329
11,7330
11,7331
11,7332
11,7333
11,7334
11,7335
11,7336
11,7337
11,7338
11,7339
11,7340
11,7341
11,7342
11,7343
11,7344
11,7345
11,7346
11,7347
11,7348
11,7349
11,7350
11,7351
11,7352
11,7353
11,7354
11,7355
11,7356
11,7357
11,7358
11,7359
11,7360
11,7361
11,7362
11,7363
11,7364
11,7365
11,7366
11,7367
11,7368
11,7369
11,7370
11,7371
11,7372
11,7373
11,7374
11,7375
11,7376
11,7377
11,7378
11,7379
11,7380
11,7381
11,7382
11,7383
11,7384
11,7385
11,7386
11,7387
11,7388
11,7389
11,7390
11,7391
11,7392
11,7393
11,7394
11,7395
11,7396
11,7397
11,7398
11,7399
11,7400
11,7401
11,7402
11,7403
11,7404
11,7405
11,7406
11,7407
11,7408
11,7409
11,7410
11,7411
11,7412
11,7413
11,7414
11,7415
11,7416
11,7417
11,7418
11,7419
11,7420
11,7421
11,7422
11,7423
11,7424
11,7425
11,7426
11,7427
11,7428
11,7429
11,7430
11,7431
11,7432
11,7433
11,7434
11,7435
11,7436
11,7437
11,7438
11,7439
11,7440
11,7441
11,7442
11,7443
11,7444
11,7445
11,7446
11,7447
11,7448
11,7449
11,7450
11,7451
11,7452
11,7453
11,7454
11,7455
11,7456
11,7457
11,7458
11,7459
11,7460
11,7461
11,7462
11,7463
11,7464
11,7465
11,7466
11,7467
11,7468
11,7469
11,7470
11,7471
11,7472
11,7473
11,7474
11,7475
11,7476
11,7477
11,7478
11,7479
11,7480
11,7481
11,7482
11,7483
11,7484
11,7485
11,7486
11,7487
11,7488
11,7489
11,7490
11,7491
11,7492
11,7493
11,7494
11,7495
11,7496
11,7497
11,7498
11,7499
11,7500
11,7501
11,7502
11,7503
11,7504
11,7505
11,7506
11,7507
11,7508
11,7509
11,7510
11,7511
11,7512
11,7513
11,7514
11,7515
11,7516
11,7517
11,7518
11,7519
11,7520
11,7521
11,7522
11,7523
11,7524
11,7525
11,7526
11,7527
11,7528
11,7529
11,7530
11,7531
11,7532
11,7533
11,7534
11,7535
11,7536
11,7537
11,7538
11,7539
11,7540
11,7541
11,7542
11,7543
11,7544
11,7545
11,7546
11,7547
11,7548
11,7549
11,7550
11,7551
11,7552
11,7553
11,7554
11,7555
11,7556
11,7557
11,7558
11,7559
11,7560
11,7561
11,7562
11,7563
11,7564
11,7565
11,7566
11,7567
11,7568
11,7569
11,7570
11,7571
11,7572
11,7573
11,7574
11,7575
11,7576
11,7577
11,7578
11,7579
11,7580
11,7581
11,7582
11,7583
11,7584
11,7585
11,7586
11,7587
11,7588
11,7589
11,7590
11,7591
11,7592
11,7593
11,7594
11,7595
11,7596
11,7597
11,7598
11,7599
11,7600
11,7601
11,7602
11,7603
11,7604
11,7605
11,7606
11,7607
11,7608
11,7609
11,7610
11,7611
11,7612
11,7613
11,7614
11,7615
11,7616
11,7617
11,7618
11,7619
11,7620
11,7621
11,7622
11,7623
11,7624
11,7625
11,7626
11,7627
11,7628
11,7629
11,7630
11,7631
11,7632
11,7633
11,7634
11,7635
11,7636
11,7637
11,7638
11,7639
11,7640
11,7641
11,7642
11,7643
11,7644
11,7645
11,7646
11,7647
11,7648
11,7649
11,7650
11,7651
11,7652
11,7653
11,7654
11,7655
11,7656
11,7657
11,7658
11,7659
11,7660
11,7661
11,7662
11,7663
11,7664
11,7665
11,7666
11,7667
11,7668
11,7669
11,7670
11,7671
11,7672
11,7673
11,7674
11,7675
11,7676
11,7677
11,7678
11,7679
11,7680
11,7681
11,7682
11,7683
11,7684
11,7685
11,7686
11,7687
11,7688
11,7689
11,7690
11,7691
11,7692
11,7693
11,7694
11,7695
11,7696
11,7697
11,7698
11,7699
11,7700
11,7701
11,7702
11,7703
11,7704
11,7705
11,7706
11,7707
11,7708
11,7709
11,7710
11,7711
11,7712
11,7713
11,7714
11,7715
11,7716
11,7717
11,7718
11,7719
11,7720
11,7721
11,7722
11,7723
11,7724
11,7725
11,7726
11,7727
11,7728
11,7729
11,7730
11,7731
11,7732
11,7733
11,7734
11,7735
11,7736
11,7737
11,7738
11,7739
11,7740
11,7741
11,7742
11,7743
11,7744
11,7745
11,7746
11,7747
11,7748
11,7749
11,7750
11,7751
11,7752
11,7753
11,7754
11,7755
11,7756
11,7757
11,7758
11,7759
11,7760
11,7761
11,7762
11,7763
11,7764
11,7765
11,7766
11,7767
11,7768
11,7769
11,7770
11,7771
11,7772
11,7773
11,7774
11,7775
11,7776
11,7777
11,7778
11,7779
11,7780
11,7781
11,7782
11,7783
11,7784
11,7785
11,7786
11,7787
11,7788
11,7789
11,7790
11,7791
11,7792
11,7793
11,7794
11,7795
11,7796
11,7797
11,7798
11,7799
11,7800
11,7801
11,7802
11,7803
11,7804
11,7805
11,7806
11,7807
11,7808
11,7809
11,7810
11,7811
11,7812
11,7813
11,7814
11,7815
11,7816
11,7817
11,7818
11,7819
11,7820
11,7821
11,7822
11,7823
11,7824
11,7825
11,7826
11,7827
11,7828
11,7829
11,7830
11,7831
11,7832
11,7833
11,7834
11,7835
11,7836
11,7837
11,7838
11,7839
11,7840
11,7841
11,7842
11,7843
11,7844
11,7845
11,7846
11,7847
11,7848
11,7849
11,7850
11,7851
11,7852
11,7853
11,7854
11,7855
11,7856
11,7857
11,7858
11,7859
11,7860
11,7861
11,7862
11,7863
11,7864
11,7865
11,7866
11,7867
11,7868
11,7869
11,7870
11,7871
11,7872
11,7873
11,7874
11,7875
11,7876
11,7877
11,7878
11,7879
11,7880
11,7881
11,7882
11,7883
11,7884
11,7885
11,7886
11,7887
11,7888
11,7889
11,7890
11,7891
11,7892
11,7893
11,7894
11,7895
11,7896
11,7897
11,7898
11,7899
11,7900
11,7901
11,7902
11,7903
11,7904
11,7905
11,7906
11,7907
11,7908
11,7909
11,7910
11,7911
11,7912
11,7913
11,7914
11,7915
11,7916
11,7917
11,7918
11,7919
11,7920
11,7921
11,7922
11,7923
11,7924
11,7925
11,7926
11,7927
11,7928
11,7929
11,7930
11,7931
11,7932
11,7933
11,7934
11,7935
11,7936
11,7937
11,7938
11,7939
11,7940
11,7941
11,7942
11,7943
11,7944
11,7945
11,7946
11,7947
11,7948
11,7949
11,7950
11,7951
11,7952
11,7953
11,7954
11,7955
11,7956
11,7957
11,7958
11,7959
11,7960
11,7961
11,7962
11,7963
11,7964
11,7965
11,7966
11,7967
11,7968
11,7969
11,7970
11,7971
11,7972
11,7973
11,7974
11,7975
11,7976
11,7977
11,7978
11,7979
11,7980
11,7981
11,7982
11,7983
11,7984
11,7985
11,7986
11,7987
11,7988
11,7989
11,7990
11,7991
11,7992
11,7993
11,7994
11,7995
11,7996
11,7997
11,7998
11,7999
11,8000
11,8001
11,8002
11,8003
11,8004
11,8005
11,8006
11,8007
11,8008
11,8009
11,8010
11,8011
11,8012
11,8013
11,8014
11,8015
11,8016
11,8017
11,8018
11,8019
11,8020
11,8021
11,8022
11,8023
11,8024
11,8025
11,8026
11,8027
11,8028
11,8029
11,8030
11,8031
11,8032
11,8033
11,8034
11,8035
11,8036
11,8037
11,8038
11,8039
11,8040
11,8041
11,8042
11,8043
11,8044
11,8045
11,8046
11,8047
11,8048
11,8049
11,8050
11,8051
11,8052
11,8053
11,8054
11,8055
11,8056
11,8057
11,8058
11,8059
11,8060
11,8061
11,8062
11,8063
11,8064
11,8065
11,8066
11,8067
11,8068
11,8069
11,8070
11,8071
11,8072
11,8073
11,8074
11,8075
11,8076
11,8077
11,8078
11,8079
11,8080
11,8081
11,8082
11,8083
11,8084
11,8085
11,8086
11,8087
11,8088
11,8089
11,8090
11,8091
11,8092
11,8093
11,8094
11,8095
11,8096
11,8097
11,8098
11,8099
11,8100
11,8101
11,8102
11,8103
11,8104
11,8105
11,8106
11,8107
11,8108
11,8109
11,8110
11,8111
11,8112
11,8113
11,8114
11,8115
11,8116
11,8117
11,8118
11,8119
11,8120
11,8121
11,8122
11,8123
11,8124
11,8125
11,8126
11,8127
11,8128
11,8129
11,8130
11,8131
11,8132
11,8133
11,8134
11,8135
11,8136
11,8137
11,8138
11,8139
11,8140
11,8141
11,8142
11,8143
11,8144
11,8145
11,8146
11,8147
11,8148
11,8149
11,8150
11,8151
11,8152
11,8153
11,8154
11,8155
11,8156
11,8157
11,8158
11,8159
11,8160
11,8161
11,8162
11,8163
11,8164
11,8165
11,8166
11,8167
11,8168
11,8169
11,8170
11,8171
11,8172
11,8173
11,8174
11,8175
11,8176
11,8177
11,8178
11,8179
11,8180
11,8181
11,8182
11,8183
11,8184
11,8185
11,8186
11,8187
11,8188
11,8189
11,8190
11,8191
11,8192
11,8193
11,8194
11,8195
11,8196
11,8197
11,8198
11,8199
11,8200
11,8201
11,8202
11,8203
11,8204
11,8205
11,8206
11,8207
11,8208
11,8209
11,8210
11,8211
11,8212
11,8213
11,8214
11,8215
11,8216
11,8217
11,8218
11,8219
11,8220
11,8221
11,8222
11,8223
11,8224
11,8225
11,8226
11,8227
11,8228
11,8229
11,8230
11,8231
11,8232
11,8233
11,8234
11,8235
11,8236
11,8237
11,8238
11,8239
11,8240
11,8241
11,8242
11,8243
11,8244
11,8245
11,8246
11,8247
11,8248
11,8249
11,8250
11,8251
11,8252
11,8253
11,8254
11,8255
11,8256
11,8257
11,8258
11,8259
11,8260
11,8261
11,8262
11,8263
11,8264
11,8265
11,8266
11,8267
11,8268
11,8269
11,8270
11,8271
11,8272
11,8273
11,8274
11,8275
11,8276
11,8277
11,8278
11,8279
11,8280
11,8281
11,8282
11,8283
11,8284
11,8285
11,8286
11,8287
11,8288
11,8289
11,8290
11,8291
11,8292
11,8293
11,8294
11,8295
11,8296
11,8297
11,8298
11,8299
11,8300
11,8301
11,8302
11,8303
11,8304
11,8305
11,8306
11,8307
11,8308
11,8309
11,8310
11,8311
11,8312
11,8313
11,8314
11,8315
11,8316
11,8317
11,8318
11,8319
11,8320
11,8321
11,8322
11,8323
11,8324
11,8325
11,8326
11,8327
11,8328
11,8329
11,8330
11,8331
11,8332
11,8333
11,8334
11,8335
11,8336
11,8337
11,8338
11,8339
11,8340
11,8341
11,8342
11,8343
11,8344
11,8345
11,8346
11,8347
11,8348
11,8349
11,8350
11,8351
11,8352
11,8353
11,8354
11,8355
11,8356
11,8357
11,8358
11,8359
11,8360
11,8361
11,8362
11,8363
11,8364
11,8365
11,8366
11,8367
11,8368
11,8369
11,8370
11,8371
11,8372
11,8373
11,8374
11,8375
11,8376
11,8377
11,8378
11,8379
11,8380
11,8381
11,8382
11,8383
11,8384
11,8385
11,8386
11,8387
11,8388
11,8389
11,8390
11,8391
11,8392
11,8393
11,8394
11,8395
11,8396
11,8397
11,8398
11,8399
11,8400
11,8401
11,8402
11,8403
11,8404
11,8405
11,8406
11,8407
11,8408
11,8409
11,8410
11,8411
11,8412
11,8413
11,8414
11,8415
11,8416
11,8417
11,8418
11,8419
11,8420
11,8421
11,8422
11,8423
11,8424
11,8425
11,8426
11,8427
11,8428
11,8429
11,8430
11,8431
11,8432
11,8433
11,8434
11,8435
11,8436
11,8437
11,8438
11,8439
11,8440
11,8441
11,8442
11,8443
11,8444
11,8445
11,8446
11,8447
11,8448
11,8449
11,8450
11,8451
11,8452
11,8453
11,8454
11,8455
11,8456
11,8457
11,8458
11,8459
11,8460
11,8461
11,8462
11,8463
11,8464
11,8465
11,8466
11,8467
11,8468
11,8469
11,8470
11,8471
11,8472
11,8473
11,8474
11,8475
11,8476
11,8477
11,8478
11,8479
11,8480
11,8481
11,8482
11,8483
11,8484
11,8485
11,8486
11,8487
11,8488
11,8489
11,8490
11,8491
11,8492
11,8493
11,8494
11,8495
11,8496
11,8497
11,8498
11,8499
11,8500
11,8501
11,8502
11,8503
11,8504
11,8505
11,8506
11,8507
11,8508
11,8509
11,8510
11,8511
11,8512
11,8513
11,8514
11,8515
11,8516
11,8517
11,8518
11,8519
11,8520
11,8521
11,8522
11,8523
11,8524
11,8525
11,8526
11,8527
11,8528
11,8529
11,8530
11,8531
11,8532
11,8533
11,8534
11,8535
11,8536
11,8537
11,8538
11,8539
11,8540
11,8541
11,8542
11,8543
11,8544
11,8545
11,8546
11,8547
11,8548
11,8549
11,8550
11,8551
11,8552
11,8553
11,8554
11,8555
11,8556
11,8557
11,8558
11,8559
11,8560
11,8561
11,8562
11,8563
11,8564
11,8565
11,8566
11,8567
11,8568
11,8569
11,8570
11,8571
11,8572
11,8573
11,8574
11,8575
11,8576
11,8577
11,8578
11,8579
11,8580
11,8581
11,8582
11,8583
11,8584
11,8585
11,8586
11,8587
11,8588
11,8589
11,8590
11,8591
11,8592
11,8593
11,8594
11,8595
11,8596
11,8597
11,8598
11,8599
11,8600
11,8601
11,8602
11,8603
11,8604
11,8605
11,8606
11,8607
11,8608
11,8609
11,8610
11,8611
11,8612
11,8613
11,8614
11,8615
11,8616
11,8617
11,8618
11,8619
11,8620
11,8621
11,8622
11,8623
11,8624
11,8625
11,8626
11,8627
11,8628
11,8629
11,8630
11,8631
11,8632
11,8633
11,8634
11,8635
11,8636
11,8637
11,8638
11,8639
11,8640
11,8641
11,8642
11,8643
11,8644
11,8645
11,8646
11,8647
11,8648
11,8649
11,8650
11,8651
11,8652
11,8653
11,8654
11,8655
11,8656
11,8657
11,8658
11,8659
11,8660
11,8661
11,8662
11,8663
11,8664
11,8665
11,8666
11,8667
11,8668
11,8669
11,8670
11,8671
11,8672
11,8673
11,8674
11,8675
11,8676
11,8677
11,8678
11,8679
11,8680
11,8681
11,8682
11,8683
11,8684
11,8685
11,8686
11,8687
11,8688
11,8689
11,8690
11,8691
11,8692
11,8693
11,8694
11,8695
11,8696
11,8697
11,8698
11,8699
11,8700
11,8701
11,8702
11,8703
11,8704
11,8705
11,8706
11,8707
11,8708
11,8709
11,8710
11,8711
11,8712
11,8713
11,8714
11,8715
11,8716
11,8717
11,8718
11,8719
11,8720
11,8721
11,8722
11,8723
11,8724
11,8725
11,8726
11,8727
11,8728
11,8729
11,8730
11,8731
11,8732
11,8733
11,8734
11,8735
11,8736
11,8737
11,8738
11,8739
11,8740
11,8741
11,8742
11,8743
11,8744
11,8745
11,8746
11,8747
11,8748
11,8749
11,8750
11,8751
11,8752
11,8753
11,8754
11,8755
11,8756
11,8757
11,8758
11,8759
11,8760
11,8761
11,8762
11,8763
11,8764
11,8765
11,8766
11,8767
11,8768
11,8769
11,8770
11,8771
11,8772
11,8773
11,8774
11,8775
11,8776
11,8777
11,8778
11,8779
11,8780
11,8781
11,8782
11,8783
11,8784
11,8785
11,8786
11,8787
11,8788
11,8789
11,8790
11,8791
11,8792
11,8793
11,8794
11,8795
11,8796
11,8797
11,8798
11,8799
11,8800
11,8801
11,8802
11,8803
11,8804
11,8805
11,8806
11,8807
11,8808
11,8809
11,8810
11,8811
11,8812
11,8813
11,8814
11,8815
11,8816
11,8817
11,8818
11,8819
11,8820
11,8821
11,8822
11,8823
11,8824
11,8825
11,8826
11,8827
11,8828
11,8829
11,8830
11,8831
11,8832
11,8833
11,8834
11,8835
11,8836
11,8837
11,8838
11,8839
11,8840
11,8841
11,8842
11,8843
11,8844
11,8845
11,8846
11,8847
11,8848
11,8849
11,8850
11,8851
11,8852
11,8853
11,8854
11,8855
11,8856
11,8857
11,8858
11,8859
11,8860
11,8861
11,8862
11,8863
11,8864
11,8865
11,8866
11,8867
11,8868
11,8869
11,8870
11,8871
11,8872
11,8873
11,8874
11,8875
11,8876
11,8877
11,8878
11,8879
11,8880
11,8881
11,8882
11,8883
11,8884
11,8885
11,8886
11,8887
11,8888
11,8889
11,8890
11,8891
11,8892
11,8893
11,8894
11,8895
11,8896
11,8897
11,8898
11,8899
11,8900
11,8901
11,8902
11,8903
11,8904
11,8905
11,8906
11,8907
11,8908
11,8909
11,8910
11,8911
11,8912
11,8913
11,8914
11,8915
11,8916
11,8917
11,8918
11,8919
11,8920
11,8921
11,8922
11,8923
11,8924
11,8925
11,8926
11,8927
11,8928
11,8929
11,8930
11,8931
11,8932
11,8933
11,8934
11,8935
11,8936
11,8937
11,8938
11,8939
11,8940
11,8941
11,8942
11,8943
11,8944
11,8945
11,8946
11,8947
11,8948
11,8949
11,8950
11,8951
11,8952
11,8953
11,8954
11,8955
11,8956
11,8957
11,8958
11,8959
11,8960
11,8961
11,8962
11,8963
11,8964
11,8965
11,8966
11,8967
11,8968
11,8969
11,8970
11,8971
11,8972
11,8973
11,8974
11,8975
11,8976
11,8977
11,8978
11,8979
11,8980
11,8981
11,8982
11,8983
11,8984
11,8985
11,8986
11,8987
11,8988
11,8989
11,8990
11,8991
11,8992
11,8993
11,8994
11,8995
11,8996
11,8997
11,8998
11,8999
11,9000
11,9001
11,9002
11,9003
11,9004
11,9005
11,9006
11,9007
11,9008
11,9009
11,9010
11,9011
11,9012
11,9013
11,9014
11,9015
11,9016
11,9017
11,9018
11,9019
11,9020
11,9021
11,9022
11,9023
11,9024
11,9025
11,9026
11,9027
11,9028
11,9029
11,9030
11,9031
11,9032
11,9033
11,9034
11,9035
11,9036
11,9037
11,9038
11,9039
11,9040
11,9041
11,9042
11,9043
11,9044
11,9045
11,9046
11,9047
11,9048
11,9049
11,9050
11,9051
11,9052
11,9053
11,9054
11,9055
11,9056
11,9057
11,9058
11,9059
11,9060
11,9061
11,9062
11,9063
11,9064
11,9065
11,9066
11,9067
11,9068
11,9069
11,9070
11,9071
11,9072
11,9073
11,9074
11,9075
11,9076
11,9077
11,9078
11,9079
11,9080
11,9081
11,9082
11,9083
11,9084
11,9085
11,9086
11,9087
11,9088
11,9089
11,9090
11,9091
11,9092
11,9093
11,9094
11,9095
11,9096
11,9097
11,9098
11,9099
11,9100
11,9101
11,9102
11,9103
11,9104
11,9105
11,9106
11,9107
11,9108
11,9109
11,9110
11,9111
11,9112
11,9113
11,9114
11,9115
11,9116
11,9117
11,9118
11,9119
11,9120
11,9121
11,9122
11,9123
11,9124
11,9125
11,9126
11,9127
11,9128
11,9129
11,9130
11,9131
11,9132
11,9133
11,9134
11,9135
11,9136
11,9137
11,9138
11,9139
11,9140
11,9141
11,9142
11,9143
11,9144
11,9145
11,9146
11,9147
11,9148
11,9149
11,9150
11,9151
11,9152
11,9153
11,9154
11,9155
11,9156
11,9157
11,9158
11,9159
11,9160
11,9161
11,9162
11,9163
11,9164
11,9165
11,9166
11,9167
11,9168
11,9169
11,9170
11,9171
11,9172
11,9173
11,9174
11,9175
11,9176
11,9177
11,9178
11,9179
11,9180
11,9181
11,9182
11,9183
11,9184
11,9185
11,9186
11,9187
11,9188
11,9189
11,9190
11,9191
11,9192
11,9193
11,9194
11,9195
11,9196
11,9197
11,9198
11,9199
11,9200
11,9201
11,9202
11,9203
11,9204
11,9205
11,9206
11,9207
11,9208
11,9209
11,9210
11,9211
11,9212
11,9213
11,9214
11,9215
11,9216
11,9217
11,9218
11,9219
11,9220
11,9221
11,9222
11,9223
11,9224
11,9225
11,9226
11,9227
11,9228
11,9229
11,9230
11,9231
11,9232
11,9233
11,9234
11,9235
11,9236
11,9237
11,9238
11,9239
11,9240
11,9241
11,9242
11,9243
11,9244
11,9245
11,9246
11,9247
11,9248
11,9249
11,9250
11,9251
11,9252
11,9253
11,9254
11,9255
11,9256
11,9257
11,9258
11,9259
11,9260
11,9261
11,9262
11,9263
11,9264
11,9265
11,9266
11,9267
11,9268
11,9269
11,9270
11,9271
11,9272
11,9273
11,9274
11,9275
11,9276
11,9277
11,9278
11,9279
11,9280
11,9281
11,9282
11,9283
11,9284
11,9285
11,9286
11,9287
11,9288
11,9289
11,9290
11,9291
11,9292
11,9293
11,9294
11,9295
11,9296
11,9297
11,9298
11,9299
11,9300
11,9301
11,9302
11,9303
11,9304
11,9305
11,9306
11,9307
11,9308
11,9309
11,9310
11,9311
11,9312
11,9313
11,9314
11,9315
11,9316
11,9317
11,9318
11,9319
11,9320
11,9321
11,9322
11,9323
11,9324
11,9325
11,9326
11,9327
11,9328
11,9329
11,9330
11,9331
11,9332
11,9333
11,9334
11,9335
11,9336
11,9337
11,9338
11,9339
11,9340
11,9341
11,9342
11,9343
11,9344
11,9345
11,9346
11,9347
11,9348
11,9349
11,9350
11,9351
11,9352
11,9353
11,9354
11,9355
11,9356
11,9357
11,9358
11,9359
11,9360
11,9361
11,9362
11,9363
11,9364
11,9365
11,9366
11,9367
11,9368
11,9369
11,9370
11,9371
11,9372
11,9373
11,9374
11,9375
11,9376
11,9377
11,9378
11,9379
11,9380
11,9381
11,9382
11,9383
11,9384
11,9385
11,9386
11,9387
11,9388
11,9389
11,9390
11,9391
11,9392
11,9393
11,9394
11,9395
11,9396
11,9397
11,9398
11,9399
11,9400
11,9401
11,9402
11,9403
11,9404
11,9405
11,9406
11,9407
11,9408
11,9409
11,9410
11,9411
11,9412
11,9413
11,9414
11,9415
11,9416
11,9417
11,9418
11,9419
11,9420
11,9421
11,9422
11,9423
11,9424
11,9425
11,9426
11,9427
11,9428
11,9429
11,9430
11,9431
11,9432
11,9433
11,9434
11,9435
11,9436
11,9437
11,9438
11,9439
11,9440
11,9441
11,9442
11,9443
11,9444
11,9445
11,9446
11,9447
11,9448
11,9449
11,9450
11,9451
11,9452
11,9453
11,9454
11,9455
11,9456
11,9457
11,9458
11,9459
11,9460
11,9461
11,9462
11,9463
11,9464
11,9465
11,9466
11,9467
11,9468
11,9469
11,9470
11,9471
11,9472
11,9473
11,9474
11,9475
11,9476
11,9477
11,9478
11,9479
11,9480
11,9481
11,9482
11,9483
11,9484
11,9485
11,9486
11,9487
11,9488
11,9489
11,9490
11,9491
11,9492
11,9493
11,9494
11,9495
11,9496
11,9497
11,9498
11,9499
11,9500
11,9501
11,9502
11,9503
11,9504
11,9505
11,9506
11,9507
11,9508
11,9509
11,9510
11,9511
11,9512
11,9513
11,9514
11,9515
11,9516
11,9517
11,9518
11,9519
11,9520
11,9521
11,9522
11,9523
11,9524
11,9525
11,9526
11,9527
11,9528
11,9529
11,9530
11,9531
11,9532
11,9533
11,9534
11,9535
11,9536
11,9537
11,9538
11,9539
11,9540
11,9541
11,9542
11,9543
11,9544
11,9545
11,9546
11,9547
11,9548
11,9549
11,9550
11,9551
11,9552
11,9553
11,9554
11,9555
11,9556
11,9557
11,9558
11,9559
11,9560
11,9561
11,9562
11,9563
11,9564
11,9565
11,9566
11,9567
11,9568
11,9569
11,9570
11,9571
11,9572
11,9573
11,9574
11,9575
11,9576
11,9577
11,9578
11,9579
11,9580
11,9581
11,9582
11,9583
11,9584
11,9585
11,9586
11,9587
11,9588
11,9589
11,9590
11,9591
11,9592
11,9593
11,9594
11,9595
11,9596
11,9597
11,9598
11,9599
11,9600
11,9601
11,9602
11,9603
11,9604
11,9605
11,9606
11,9607
11,9608
11,9609
11,9610
11,9611
11,9612
11,9613
11,9614
11,9615
11,9616
11,9617
11,9618
11,9619
11,9620
11,9621
11,9622
11,9623
11,9624
11,9625
11,9626
11,9627
11,9628
11,9629
11,9630
11,9631
11,9632
11,9633
11,9634
11,9635
11,9636
11,9637
11,9638
11,9639
11,9640
11,9641
11,9642
11,9643
11,9644
11,9645
11,9646
11,9647
11,9648
11,9649
11,9650
11,9651
11,9652
11,9653
11,9654
11,9655
11,9656
11,9657
11,9658
11,9659
11,9660
11,9661
11,9662
11,9663
11,9664
11,9665
11,9666
11,9667
11,9668
11,9669
11,9670
11,9671
11,9672
11,9673
11,9674
11,9675
11,9676
11,9677
11,9678
11,9679
11,9680
11,9681
11,9682
11,9683
11,9684
11,9685
11,9686
11,9687
11,9688
11,9689
11,9690
11,9691
11,9692
11,9693
11,9694
11,9695
11,9696
11,9697
11,9698
11,9699
11,9700
11,9701
11,9702
11,9703
11,9704
11,9705
11,9706
11,9707
11,9708
11,9709
11,9710
11,9711
11,9712
11,9713
11,9714
11,9715
11,9716
11,9717
11,9718
11,9719
11,9720
11,9721
11,9722
11,9723
11,9724
11,9725
11,9726
11,9727
11,9728
11,9729
11,9730
11,9731
11,9732
11,9733
11,9734
11,9735
11,9736
11,9737
11,9738
11,9739
11,9740
11,9741
11,9742
11,9743
11,9744
11,9745
11,9746
11,9747
11,9748
11,9749
11,9750
11,9751
11,9752
11,9753
11,9754
11,9755
11,9756
11,9757
11,9758
11,9759
11,9760
11,9761
11,9762
11,9763
11,9764
11,9765
11,9766
11,9767
11,9768
11,9769
11,9770
11,9771
11,9772
11,9773
11,9774
11,9775
11,9776
11,9777
11,9778
11,9779
11,9780
11,9781
11,9782
11,9783
11,9784
11,9785
11,9786
11,9787
11,9788
11,9789
11,9790
11,9791
11,9792
11,9793
11,9794
11,9795
11,9796
11,9797
11,9798
11,9799
11,9800
11,9801
11,9802
11,9803
11,9804
11,9805
11,9806
11,9807
11,9808
11,9809
11,9810
11,9811
11,9812
11,9813
11,9814
11,9815
11,9816
11,9817
11,9818
11,9819
11,9820
11,9821
11,9822
11,9823
11,9824
11,9825
11,9826
11,9827
11,9828
11,9829
11,9830
11,9831
11,9832
11,9833
11,9834
11,9835
11,9836
11,9837
11,9838
11,9839
11,9840
11,9841
11,9842
11,9843
11,9844
11,9845
11,9846
11,9847
11,9848
11,9849
11,9850
11,9851
11,9852
11,9853
11,9854
11,9855
11,9856
11,9857
11,9858
11,9859
11,9860
11,9861
11,9862
11,9863
11,9864
11,9865
11,9866
11,9867
11,9868
11,9869
11,9870
11,9871
11,9872
11,9873
11,9874
11,9875
11,9876
11,9877
11,9878
11,9879
11,9880
11,9881
11,9882
11,9883
11,9884
11,9885
11,9886
11,9887
11,9888
11,9889
11,9890
11,9891
11,9892
11,9893
11,9894
11,9895
11,9896
11,9897
11,9898
11,9899
11,9900
11,9901
11,9902
11,9903
11,9904
11,9905
11,9906
11,9907
11,9908
11,9909
11,9910
11,9911
11,9912
11,9913
11,9914
11,9915
11,9916
11,9917
11,9918
11,9919
11,9920
11,9921
11,9922
11,9923
11,9924
11,9925
11,9926
11,9927
11,9928
11,9929
11,9930
11,9931
11,9932
11,9933
11,9934
11,9935
11,9936
11,9937
11,9938
11,9939
11,9940
11,9941
11,9942
11,9943
11,9944
11,9945
11,9946
11,9947
11,9948
11,9949
11,9950
11,9951
11,9952
11,9953
11,9954
11,9955
11,9956
11,9957
11,9958
11,9959
11,9960
11,9961
11,9962
11,9963
11,9964
11,9965
11,9966
11,9967
11,9968
11,9969
11,9970
11,9971
11,9972
11,9973
11,9974
11,9975
11,9976
11,9977
11,9978
11,9979
11,9980
11,9981
11,9982
11,9983
11,9984
11,9985
11,9986
11,9987
11,9988
11,9989
11,9990
11,9991
11,9992
11,9993
11,9994
11,9995
11,9996
11,9997
11,9998
11,9999
11,10000
11,10001
11,10002
11,10003
11,10004
11,10005
11,10006
11,10007
11,10008
11,10009
11,10010
11,10011
11,10012
11,10013
11,10014
11,10015
11,10016
11,10017
11,10018
11,10019
11,10020
11,10021
11,10022
11,10023
11,10024
11,10025
11,10026
11,10027
11,10028
11,10029
11,10030
11,10031
11,10032
11,10033
11,10034
11,10035
11,10036
11,10037
11,10038
11,10039